1 1
2 1
3 1
4 1
5 1
6 1
7 1
8 1
9 1
10 1
11 1
12 1
13 1
14 1
15 1
16 1
17 1
18 1
19 1
20 1
21 1
22 1
23 1
24 1
25 1
26 1
27 1
28 1
29 1
30 1
31 1
32 1
33 1
34 1
35 1
36 1
37 1
38 1
39 1
40 1
41 1
42 1
43 1
44 1
45 1
46 1
47 1
48 1
49 1
50 1
51 1
52 1
53 1
54 1
55 1
56 1
57 1
58 1
59 1
60 1
61 1
62 1
63 1
64 1
65 1
66 1
67 1
68 1
69 1
70 1
71 1
72 1
73 1
74 1
75 1
76 1
77 1
78 1
79 1
80 1
81 1
82 1
83 1
84 1
85 1
86 1
87 1
88 1
89 1
90 1
91 1
92 1
93 1
94 1
95 1
96 1
97 1
98 1
99 1
100 1
101 1
102 1
103 1
104 1
105 1
106 1
107 1
108 1
109 1
110 1
111 1
112 1
113 1
114 1
115 1
116 1
117 1
118 1
119 1
120 1
121 1
122 1
123 1
124 1
125 1
126 1
127 1
128 1
129 1
130 1
131 1
132 1
133 1
134 1
135 1
136 1
137 1
138 1
139 1
140 1
141 1
142 1
143 1
144 1
145 1
146 1
147 1
148 1
149 1
150 1
151 1
152 1
153 1
154 1
155 1
156 1
157 1
158 1
159 1
160 1
161 1
162 1
163 1
164 1
165 1
166 1
167 1
168 1
169 1
170 1
171 1
172 1
173 1
174 1
175 1
176 1
177 1
178 1
179 1
180 1
181 1
182 1
183 1
184 1
185 1
186 1
187 1
188 1
189 1
190 1
191 1
192 1
193 1
194 1
195 1
196 1
197 1
198 1
199 1
200 1
201 1
202 1
203 1
204 1
205 1
206 1
207 1
208 1
209 1
210 1
211 1
212 1
213 1
214 1
215 1
216 1
217 1
218 1
219 1
220 1
221 1
222 1
223 1
224 1
225 1
226 1
227 1
228 1
229 1
230 1
231 1
232 1
233 1
234 1
235 1
236 1
237 1
238 1
239 1
240 1
241 1
242 1
243 1
244 1
245 1
246 1
247 1
248 1
249 1
250 1
251 1
252 1
253 1
254 1
255 1
256 1
257 1
258 1
259 1
260 1
261 1
262 1
263 1
264 1
265 1
266 1
267 1
268 1
269 1
270 1
271 1
272 1
273 1
274 1
275 1
276 1
277 1
278 1
279 1
280 1
281 1
282 1
283 1
284 1
285 1
286 1
287 1
288 1
289 1
290 1
291 1
292 1
293 1
294 1
295 1
296 1
297 1
298 1
299 1
300 1
301 1
302 1
303 1
304 1
305 1
306 1
307 1
308 1
309 1
310 1
311 1
312 1
313 1
314 1
315 1
316 1
317 1
318 1
319 1
320 1
321 1
322 1
323 1
324 1
325 1
326 1
327 1
328 1
329 1
330 1
331 1
332 1
333 1
334 1
335 1
336 1
337 1
338 1
339 1
340 1
341 1
342 1
343 1
344 1
345 1
346 1
347 1
348 1
349 1
350 1
351 1
352 1
353 1
354 1
355 1
356 1
357 1
358 1
359 1
360 1
361 1
362 1
363 1
364 1
365 1
366 1
367 1
368 1
369 1
370 1
371 1
372 1
373 1
374 1
375 1
376 1
377 1
378 1
379 1
380 1
381 1
382 1
383 1
384 1
385 1
386 1
387 1
388 1
389 1
390 1
391 1
392 1
393 1
394 1
395 1
396 1
397 1
398 1
399 1
400 1
401 1
402 1
403 1
404 1
405 1
406 1
407 1
408 1
409 1
410 1
411 1
412 1
413 1
414 1
415 1
416 1
417 1
418 1
419 1
420 1
421 1
422 1
423 1
424 1
425 1
426 1
427 1
428 1
429 1
430 1
431 1
432 1
433 1
434 1
435 1
436 1
437 1
438 1
439 1
440 1
441 1
442 1
443 1
444 1
445 1
446 1
447 1
448 1
449 1
450 1
451 1
452 1
453 1
454 1
455 1
456 1
457 1
458 1
459 1
460 1
461 1
462 1
463 1
464 1
465 1
466 1
467 1
468 1
469 1
470 1
471 1
472 1
473 1
474 1
475 1
476 1
477 1
478 1
479 1
480 1
481 1
482 1
483 1
484 1
485 1
486 1
487 1
488 1
489 1
490 1
491 1
492 1
493 1
494 1
495 1
496 1
496 66
496 197
496 175
496 199
496 44
496 203
496 269
496 228
496 271
496 345
496 272
496 377
496 208
496 379
496 232
496 349
496 80
496 350
496 395
496 358
495 37
495 66
495 121
495 41
495 70
495 200
495 130
495 291
495 293
495 209
495 295
495 213
495 384
495 214
495 385
495 386
495 303
495 388
490 32
490 63
490 65
490 66
490 69
490 175
490 70
490 72
490 268
490 288
490 44
490 128
490 326
490 74
490 344
490 75
490 228
490 271
490 345
490 77
490 273
490 347
490 363
490 79
490 232
490 349
490 80
490 81
490 277
490 297
490 351
490 279
490 336
490 384
490 453
490 84
486 213
486 279
486 384
481 128
481 179
481 189
481 213
481 236
481 353
481 384
481 444
475 349
468 119
468 146
468 37
468 94
468 147
468 197
468 199
468 98
468 151
468 200
468 153
468 202
468 288
468 154
468 203
468 156
468 228
468 47
468 182
468 206
468 292
468 329
468 377
468 158
468 207
468 293
468 392
468 208
468 160
468 209
468 232
468 394
468 161
468 210
468 381
468 395
468 162
468 211
468 297
468 396
460 65
460 72
460 127
460 178
460 202
460 268
460 288
460 179
460 326
460 328
460 329
460 207
460 273
460 293
460 330
460 347
460 363
460 378
460 392
460 332
460 186
460 333
460 381
460 408
430 119
430 175
430 44
430 128
430 179
430 47
430 131
405 151
405 154
405 203
405 289
391 66
391 121
391 172
391 200
391 203
376 121
343 65
325 119
325 37
325 121
265 66
243 119
31 2
61 32
118 62
145 63
171 64
196 65
220 66
243 67
265 68
286 69
306 70
325 71
343 72
360 73
376 74
391 75
405 76
418 77
430 78
441 79
451 80
460 81
468 82
475 83
481 84
486 85
490 86
493 87
495 88
496 89
31 4
61 34
90 63
118 91
171 119
196 120
220 121
243 122
265 123
286 124
306 125
325 126
343 127
360 128
376 129
391 130
405 131
418 132
430 133
441 134
451 135
460 136
468 137
475 138
481 139
486 140
490 141
493 142
495 143
496 144
118 35
118 119
61 119
31 119
145 65
31 6
61 36
90 65
118 93
145 120
171 146
220 172
243 173
265 174
286 175
306 176
325 177
343 178
360 179
376 180
391 181
405 182
418 183
430 184
441 185
451 186
460 187
468 188
475 189
481 190
486 191
490 192
493 193
495 194
496 195
118 146
196 121
171 94
31 7
61 37
90 66
118 94
145 121
171 147
196 172
243 197
265 198
286 199
306 200
325 201
343 202
360 203
376 204
391 205
405 206
418 207
430 208
441 209
451 210
460 211
468 212
475 213
481 214
486 215
490 216
493 217
495 218
496 219
31 37
31 94
61 121
31 121
31 172
171 197
31 197
243 150
243 175
31 10
61 40
90 69
118 97
145 124
171 150
196 175
220 199
243 222
265 244
306 266
325 267
343 268
360 269
376 270
391 271
405 272
418 273
430 274
441 275
451 276
460 277
468 278
475 279
481 280
486 281
490 282
493 283
495 284
496 285
31 175
31 199
243 244
286 70
265 70
243 70
243 151
145 41
31 11
61 41
90 70
118 98
145 125
171 151
196 176
220 200
243 223
265 245
286 266
325 287
343 288
360 289
376 290
391 291
405 292
418 293
430 294
441 295
451 296
460 297
468 298
475 299
481 300
486 301
490 302
493 303
495 304
496 305
31 41
31 98
31 151
145 176
31 176
31 200
31 201
31 267
31 287
118 153
343 179
325 44
325 128
265 44
265 128
265 179
265 203
243 44
243 128
243 154
243 179
243 203
196 128
118 44
31 14
61 44
90 73
118 101
145 128
171 154
196 179
220 203
243 226
265 248
286 269
306 289
325 308
343 326
376 344
391 345
405 346
418 347
430 348
441 349
451 350
460 351
468 352
475 353
481 354
486 355
490 356
493 357
495 358
496 359
31 44
90 128
31 128
145 179
118 179
171 203
31 203
243 269
286 289
265 289
243 289
31 289
243 326
118 326
31 204
31 290
265 344
31 344
265 75
265 156
265 228
196 130
31 16
61 46
90 75
118 103
145 130
171 156
196 181
220 205
243 228
265 250
286 271
306 291
325 310
343 328
360 345
376 361
405 377
418 378
430 379
441 380
451 381
460 382
468 383
475 384
481 385
486 386
490 387
493 388
495 389
496 390
61 130
118 156
220 291
265 345
243 345
220 345
90 345
376 131
325 47
325 131
243 47
243 76
243 131
196 131
171 47
171 76
118 47
31 17
61 47
90 76
118 104
145 131
171 157
196 182
220 206
243 229
265 251
286 272
306 292
325 311
343 329
360 346
376 362
391 377
418 392
430 393
441 394
451 395
460 396
468 397
475 398
481 399
486 400
490 401
493 402
495 403
496 404
31 47
118 131
31 131
118 182
171 206
31 206
243 272
171 272
243 292
171 292
31 292
118 329
243 346
171 346
265 377
243 377
220 377
171 377
118 377
31 377
391 207
343 207
343 273
343 293
31 18
61 48
90 77
118 105
145 132
171 158
196 183
220 207
243 230
265 252
286 273
306 293
325 312
343 330
360 347
376 363
391 378
405 392
430 406
441 407
451 408
460 409
468 410
475 411
481 412
486 413
490 414
493 415
495 416
496 417
61 132
118 158
118 230
118 252
61 273
145 293
61 293
343 347
325 347
265 347
243 347
118 347
90 347
343 363
325 363
61 363
343 378
343 392
325 392
243 392
171 392
118 392
265 208
243 208
171 208
118 208
31 208
243 294
31 294
243 348
265 379
118 379
118 406
61 406
430 232
430 349
430 394
405 349
391 209
325 185
325 232
286 232
31 20
61 50
90 79
118 107
145 134
171 160
196 185
220 209
243 232
265 254
286 275
306 295
325 314
343 332
360 349
376 365
391 380
405 394
418 407
430 419
451 431
460 432
468 433
475 434
481 435
486 436
490 437
493 438
495 439
496 440
61 134
118 160
145 185
118 185
61 185
31 209
171 232
118 232
61 232
31 232
118 254
145 295
31 295
325 349
286 349
265 349
243 349
171 349
118 349
90 349
31 349
325 394
171 394
118 394
31 394
61 407
118 419
430 80
430 186
430 350
430 395
343 186
286 80
243 80
243 161
31 21
61 51
90 80
118 108
145 135
171 161
196 186
220 210
243 233
265 255
286 276
306 296
325 315
343 333
360 350
376 366
391 381
405 395
418 408
430 420
441 431
460 442
468 443
475 444
481 445
486 446
490 447
493 448
495 449
496 450
61 135
61 186
31 186
31 210
286 350
243 350
31 366
343 381
243 395
171 395
31 395
343 408
61 408
61 431
343 81
343 136
343 187
343 211
343 277
343 297
118 162
343 351
243 351
118 351
343 382
343 396
118 396
343 409
343 432
343 442
31 137
243 352
171 352
468 164
468 213
468 236
468 384
468 398
468 444
460 336
460 384
441 384
430 279
418 384
405 164
405 213
405 353
391 213
325 54
325 213
306 213
265 213
145 54
118 54
31 24
61 54
90 83
118 111
145 138
171 164
196 189
220 213
243 236
265 258
286 279
306 299
325 318
343 336
360 353
376 369
391 384
405 398
418 411
430 423
441 434
451 444
460 453
468 461
481 469
486 470
490 471
493 472
495 473
496 474
118 164
145 189
196 213
171 213
31 213
243 279
90 279
31 279
118 336
265 353
243 353
90 353
31 369
343 384
325 384
306 384
265 384
220 384
196 384
145 384
118 384
90 384
31 384
171 398
325 411
118 411
118 423
430 444
243 444
31 444
343 453
118 453
475 435
468 165
468 214
468 385
468 399
460 337
460 385
451 280
418 385
405 165
391 214
325 55
325 112
325 165
325 190
325 214
243 84
243 165
31 25
61 55
90 84
118 112
145 139
171 165
196 190
220 214
243 237
265 259
286 280
306 300
325 319
343 337
360 354
376 370
391 385
405 399
418 412
430 424
441 435
451 445
460 454
468 462
475 469
486 476
490 477
493 478
495 479
496 480
118 165
145 190
31 214
243 280
145 300
265 354
243 354
325 370
145 370
31 370
343 385
325 385
265 385
220 385
196 385
145 385
61 385
325 399
243 399
171 399
325 412
61 412
243 424
418 435
325 435
145 435
61 435
343 454
468 166
468 215
468 238
468 260
468 355
468 386
468 400
468 446
460 338
430 355
405 355
31 26
61 56
90 85
118 113
145 140
171 166
196 191
220 215
243 238
265 260
286 281
306 301
325 320
343 338
360 355
376 371
391 386
405 400
418 413
430 425
441 436
451 446
460 455
468 463
475 470
481 476
490 482
493 483
495 484
496 485
31 215
31 301
286 355
243 355
171 355
90 355
220 386
196 386
31 386
171 400
118 413
430 446
31 446
343 455
475 476
460 192
343 192
460 471
343 471
490 87
490 193
490 357
490 388
468 217
468 303
468 388
468 448
460 193
460 340
460 388
418 193
418 388
405 357
343 193
325 142
325 193
31 28
61 58
90 87
118 115
145 142
171 168
196 193
220 217
243 240
265 262
286 283
306 303
325 322
343 340
360 357
376 373
391 388
405 402
418 415
430 427
441 438
451 448
460 457
468 465
475 472
481 478
486 483
490 487
495 491
496 492
61 142
118 193
61 193
31 193
171 240
171 262
118 262
31 303
243 357
171 357
118 357
90 357
343 388
220 388
171 402
171 427
118 427
343 457
468 478
418 478
325 478
61 478
490 358
468 403
265 358
243 358
90 358
31 358
171 403
31 403
495 474
490 474
486 474
481 474
286 305
243 305
31 305
286 359
243 359
430 440
468 474
460 474
451 474
430 474
405 474
376 474
343 474
325 474
286 474
243 474
171 474
145 474
118 474
90 474
61 474
31 474
430 480
325 480
243 480
492 64
492 150
492 267
492 273
492 167
492 401
489 69
489 267
489 72
489 225
489 268
489 227
489 270
489 80
489 81
489 234
489 277
485 119
485 150
485 175
485 272
485 208
485 274
485 82
480 119
480 38
480 67
480 122
480 173
480 197
480 40
480 124
480 175
480 71
480 224
480 267
480 44
480 128
480 179
480 226
480 308
480 228
480 47
480 131
480 230
480 273
480 208
480 231
480 313
480 348
480 232
480 80
480 135
480 186
480 233
480 315
480 350
480 395
480 137
480 236
474 2
474 32
474 63
474 64
474 119
474 65
474 146
474 66
474 67
474 122
474 173
474 197
474 69
474 97
474 124
474 150
474 175
474 244
474 70
474 98
474 151
474 223
474 71
474 267
474 287
474 44
474 128
474 179
474 269
474 289
474 308
474 326
474 227
474 344
474 228
474 47
474 76
474 131
474 182
474 272
474 292
474 329
474 377
474 230
474 273
474 347
474 392
474 78
474 133
474 208
474 274
474 294
474 348
474 379
474 393
474 406
474 79
474 160
474 232
474 275
474 349
474 394
474 419
474 80
474 161
474 186
474 350
474 395
474 351
474 396
474 82
474 137
474 352
467 5
467 8
467 148
467 197
467 150
467 153
467 159
467 208
467 161
467 395
467 162
459 43
459 72
459 153
459 202
459 225
459 268
459 326
459 327
459 328
459 329
459 273
459 331
459 333
450 40
450 268
450 274
440 40
440 267
440 271
440 273
440 208
440 379
429 97
417 32
417 37
417 40
417 71
417 267
417 43
417 268
417 44
417 46
404 148
404 197
404 150
404 154
404 155
404 227
390 37
390 66
390 197
390 199
390 202
375 2
359 67
359 197
359 69
359 150
359 222
359 244
324 35
324 119
324 38
305 197
305 124
305 175
305 199
305 244
264 197
195 119
144 2
144 32
30 1
89 32
117 33
144 34
170 35
195 36
219 37
242 38
264 39
285 40
305 41
324 42
342 43
359 44
375 45
390 46
404 47
417 48
429 49
440 50
450 51
459 52
467 53
474 54
480 55
485 56
489 57
492 58
494 59
496 61
30 2
60 32
117 62
144 63
170 64
195 65
219 66
242 67
264 68
285 69
305 70
324 71
342 72
359 73
375 74
390 75
404 76
417 77
429 78
440 79
450 80
459 81
467 82
474 83
480 84
485 85
489 86
492 87
494 88
496 90
117 35
30 5
60 35
89 64
117 92
144 119
195 146
219 147
242 148
264 149
285 150
305 151
324 152
342 153
359 154
375 155
390 156
404 157
417 158
429 159
440 160
450 161
459 162
467 163
474 164
480 165
485 166
489 167
492 168
494 169
496 171
117 119
144 65
117 146
30 7
60 37
89 66
117 94
144 121
170 147
195 172
242 197
264 198
285 199
305 200
324 201
342 202
359 203
375 204
390 205
404 206
417 207
429 208
440 209
450 210
459 211
467 212
474 213
480 214
485 215
489 216
492 217
494 218
496 220
195 122
117 38
30 8
60 38
89 67
117 95
144 122
170 148
195 173
219 197
264 221
285 222
305 223
324 224
342 225
359 226
375 227
390 228
404 229
417 230
429 231
440 232
450 233
459 234
467 235
474 236
480 237
485 238
489 239
492 240
494 241
496 243
144 173
170 197
242 97
242 150
170 97
144 40
30 10
60 40
89 69
117 97
144 124
170 150
195 175
219 199
242 222
264 244
305 266
324 267
342 268
359 269
375 270
390 271
404 272
417 273
429 274
440 275
450 276
459 277
467 278
474 279
480 280
485 281
489 282
492 283
494 284
496 286
117 150
144 175
242 244
89 244
144 41
144 71
60 224
242 267
195 267
144 267
117 267
60 267
30 267
30 13
60 43
89 72
117 100
144 127
170 153
195 178
219 202
242 225
264 247
285 268
305 288
324 307
359 326
375 327
390 328
404 329
417 330
429 331
440 332
450 333
459 334
467 335
474 336
480 337
485 338
489 339
492 340
494 341
496 343
117 153
117 225
324 44
264 44
195 44
144 44
117 44
30 14
60 44
89 73
117 101
144 128
170 154
195 179
219 203
242 226
264 248
285 269
305 289
324 308
342 326
375 344
390 345
404 346
417 347
429 348
440 349
450 350
459 351
467 352
474 353
480 354
485 355
489 356
492 357
494 358
496 360
242 269
89 269
305 270
264 227
144 45
30 15
60 45
89 74
117 102
144 129
170 155
195 180
219 204
242 227
264 249
285 270
305 290
324 309
342 327
359 344
390 361
404 362
417 363
429 364
440 365
450 366
459 367
467 368
474 369
480 370
485 371
489 372
492 373
494 374
496 376
30 227
144 270
30 270
264 344
359 228
305 228
305 271
264 156
264 228
219 156
30 16
60 46
89 75
117 103
144 130
170 156
195 181
219 205
242 228
264 250
285 271
305 291
324 310
342 328
359 345
375 361
404 377
417 378
429 379
440 380
450 381
459 382
467 383
474 384
480 385
485 386
489 387
492 388
494 389
496 391
219 228
195 228
219 271
264 345
359 76
359 272
324 47
305 272
195 47
195 131
170 47
117 47
30 17
60 47
89 76
117 104
144 131
170 157
195 182
219 206
242 229
264 251
285 272
305 292
324 311
342 329
359 346
375 362
390 377
417 392
429 393
440 394
450 395
459 396
467 397
474 398
480 399
485 400
489 401
492 402
494 403
496 405
170 229
242 272
170 272
117 329
264 377
219 377
342 273
117 158
117 230
144 273
60 273
144 363
117 392
404 159
404 208
390 208
359 208
359 274
305 208
264 208
195 133
117 49
30 19
60 49
89 78
117 106
144 133
170 159
195 184
219 208
242 231
264 253
285 274
305 294
324 313
342 331
359 348
375 364
390 379
404 393
417 406
440 419
450 420
459 421
467 422
474 423
480 424
485 425
489 426
492 427
494 428
496 430
117 159
144 184
195 208
170 208
117 208
30 208
117 231
242 274
117 274
89 274
144 313
117 313
60 313
195 331
117 331
264 348
264 379
195 379
117 379
170 393
117 393
195 406
117 406
60 406
117 232
404 161
390 210
359 80
305 210
305 276
242 161
30 21
60 51
89 80
117 108
144 135
170 161
195 186
219 210
242 233
264 255
285 276
305 296
324 315
342 333
359 350
375 366
390 381
404 395
417 408
429 420
440 431
459 442
467 443
474 444
480 445
485 446
489 447
492 448
494 449
496 451
117 161
144 186
60 315
305 366
144 366
30 366
305 381
219 381
359 395
305 395
242 395
170 395
450 277
417 52
417 277
390 211
342 52
342 81
342 162
342 211
342 234
342 277
30 22
60 52
89 81
117 109
144 136
170 162
195 187
219 211
242 234
264 256
285 277
305 297
324 316
342 334
359 351
375 367
390 382
404 396
417 409
429 421
440 432
450 442
467 452
474 453
480 454
485 455
489 456
492 457
494 458
496 460
117 162
117 234
342 351
342 367
342 382
342 396
117 396
342 421
195 421
117 421
342 442
459 335
450 278
404 352
305 278
264 82
170 82
117 82
30 23
60 53
89 82
117 110
144 137
170 163
195 188
219 212
242 235
264 257
285 278
305 298
324 317
342 335
359 352
375 368
390 383
404 397
417 410
429 422
440 433
450 443
459 452
474 461
480 462
485 463
489 464
492 465
494 466
496 468
170 235
242 278
170 278
30 278
264 352
170 352
30 368
219 383
170 397
170 422
117 422
342 452
474 84
474 112
474 165
474 237
474 280
474 354
474 370
474 399
474 424
474 435
305 280
144 280
144 370
480 238
474 56
474 85
474 140
474 238
474 260
474 281
474 301
474 320
474 338
474 355
474 386
474 400
474 413
474 425
474 436
474 446
474 455
474 476
474 401
467 167
459 114
459 167
459 192
459 239
459 339
459 401
459 426
459 447
390 216
342 114
342 167
342 192
342 239
30 27
60 57
89 86
117 114
144 141
170 167
195 192
219 216
242 239
264 261
285 282
305 302
324 321
342 339
359 356
375 372
390 387
404 401
417 414
429 426
440 437
450 447
459 456
467 464
474 471
480 477
485 482
492 487
494 488
496 490
117 167
144 192
89 282
89 356
375 401
342 401
375 426
342 426
144 426
117 426
89 426
60 426
342 447
342 456
459 464
342 464
474 477
474 482
485 427
474 193
474 240
474 357
474 427
440 427
170 240
170 427
117 427
474 478
485 403
485 428
480 241
480 358
474 241
474 358
474 403
474 428
459 341
417 341
305 241
305 284
264 241
30 29
60 59
89 88
117 116
144 143
170 169
195 194
219 218
242 241
264 263
285 284
305 304
324 323
342 341
359 358
375 374
390 389
404 403
417 416
429 428
440 439
450 449
459 458
467 466
474 473
480 479
485 484
489 488
492 491
496 495
144 194
144 284
305 358
264 358
89 358
305 403
264 403
170 403
264 428
144 428
60 428
305 449
417 458
342 458
488 2
488 363
479 119
479 121
479 122
479 123
479 41
479 287
479 137
479 54
473 119
473 121
473 41
473 70
473 125
473 287
473 293
473 295
473 137
458 32
458 37
458 13
458 43
458 72
458 127
458 202
458 247
458 288
458 307
458 327
458 46
458 310
458 328
458 18
458 363
449 41
428 2
428 32
428 119
428 39
428 40
428 41
428 45
416 32
416 37
416 46
416 310
403 2
403 5
403 64
403 119
403 146
403 147
403 197
403 149
403 151
403 152
403 287
403 155
403 204
403 227
403 290
403 156
389 37
389 66
389 121
389 198
358 2
358 64
358 119
358 66
358 121
358 67
358 197
358 68
358 123
358 198
358 221
358 199
358 244
358 70
358 245
358 71
341 32
341 37
323 37
284 2
241 2
241 119
194 34
194 119
116 2
116 32
59 1
88 2
116 3
143 4
169 5
194 6
218 7
241 8
263 9
284 10
304 11
323 12
341 13
358 14
374 15
389 16
403 17
416 18
428 19
439 20
449 21
458 22
466 23
473 24
479 25
484 26
488 27
491 28
494 30
495 31
29 1
88 32
116 33
143 34
169 35
194 36
218 37
241 38
263 39
284 40
304 41
323 42
341 43
358 44
374 45
389 46
403 47
416 48
428 49
439 50
449 51
458 52
466 53
473 54
479 55
484 56
488 57
491 58
494 60
495 61
29 2
59 32
116 62
143 63
169 64
194 65
218 66
241 67
263 68
284 69
304 70
323 71
341 72
358 73
374 74
389 75
403 76
416 77
428 78
439 79
449 80
458 81
466 82
473 83
479 84
484 85
488 86
491 87
494 89
495 90
29 4
59 34
88 63
116 91
169 119
194 120
218 121
241 122
263 123
284 124
304 125
323 126
341 127
358 128
374 129
389 130
403 131
416 132
428 133
439 134
449 135
458 136
466 137
473 138
479 139
484 140
488 141
491 142
494 144
495 145
116 35
116 119
116 146
194 37
194 121
116 37
29 7
59 37
88 66
116 94
143 121
169 147
194 172
241 197
263 198
284 199
304 200
323 201
341 202
358 203
374 204
389 205
403 206
416 207
428 208
439 209
449 210
458 211
466 212
473 213
479 214
484 215
488 216
491 217
494 219
495 220
194 123
116 39
29 9
59 39
88 68
116 96
143 123
169 149
194 174
218 198
241 221
284 244
304 245
323 246
341 247
358 248
374 249
389 250
403 251
416 252
428 253
439 254
449 255
458 256
466 257
473 258
479 259
484 260
488 261
491 262
494 264
495 265
241 40
241 244
284 70
241 41
194 41
194 125
143 41
116 41
29 11
59 41
88 70
116 98
143 125
169 151
194 176
218 200
241 223
263 245
284 266
323 287
341 288
358 289
374 290
389 291
403 292
416 293
428 294
439 295
449 296
458 297
466 298
473 299
479 300
484 301
488 302
491 303
494 305
495 306
116 71
29 12
59 42
88 71
116 99
143 126
169 152
194 177
218 201
241 224
263 246
284 267
304 287
341 307
358 308
374 309
389 310
403 311
416 312
428 313
439 314
449 315
458 316
466 317
473 318
479 319
484 320
488 321
491 322
494 324
495 325
116 152
116 246
241 267
194 287
143 287
194 127
323 45
194 45
194 129
116 45
29 15
59 45
88 74
116 102
143 129
169 155
194 180
218 204
241 227
263 249
284 270
304 290
323 309
341 327
358 344
389 361
403 362
416 363
428 364
439 365
449 366
458 367
466 368
473 369
479 370
484 371
488 372
491 373
494 375
495 376
358 75
358 228
358 271
341 46
341 310
218 16
194 46
194 130
116 46
29 16
59 46
88 75
116 103
143 130
169 156
194 181
218 205
241 228
263 250
284 271
304 291
323 310
341 328
358 345
374 361
403 377
416 378
428 379
439 380
449 381
458 382
466 383
473 384
479 385
484 386
488 387
491 388
494 390
495 391
194 310
194 361
358 76
116 47
341 18
194 132
116 18
116 158
116 252
194 293
341 363
323 363
194 363
116 363
403 208
358 208
116 313
116 406
428 366
358 80
358 255
284 80
341 22
341 52
341 81
341 136
341 211
341 256
341 297
341 316
194 136
341 367
341 382
458 82
458 137
428 137
403 82
403 137
403 298
403 368
358 82
341 82
341 137
323 137
241 82
241 137
194 137
169 82
116 53
116 82
116 137
29 137
241 278
169 368
116 368
29 368
116 410
116 433
403 164
358 258
473 300
473 370
473 435
403 165
403 370
358 84
358 214
358 259
358 280
241 280
358 370
194 370
358 385
194 385
473 140
473 260
473 301
473 320
458 338
428 56
428 260
403 166
403 238
403 260
403 320
358 260
194 56
194 140
116 56
29 26
59 56
88 85
116 113
143 140
169 166
194 191
218 215
241 238
263 260
284 281
304 301
323 320
341 338
358 355
374 371
389 386
403 400
416 413
428 425
439 436
449 446
458 455
466 463
473 470
479 476
488 482
491 483
494 485
495 486
169 260
116 260
194 320
116 320
218 386
194 386
341 455
473 476
458 57
458 141
458 192
458 216
458 302
458 321
458 339
458 387
458 414
458 437
458 447
403 167
389 216
358 261
341 57
341 141
341 192
341 216
341 302
341 321
241 167
29 27
59 57
88 86
116 114
143 141
169 167
194 192
218 216
241 239
263 261
284 282
304 302
323 321
341 339
358 356
374 372
389 387
403 401
416 414
428 426
439 437
449 447
458 456
466 464
473 471
479 477
484 482
491 487
494 489
495 490
116 167
284 302
341 387
341 414
341 437
341 447
341 456
458 464
341 464
458 477
341 477
458 482
341 482
88 482
473 142
473 303
403 262
403 303
358 262
116 58
169 262
116 262
116 427
169 465
473 478
487 363
483 164
478 119
478 71
478 267
478 287
478 44
478 308
478 47
478 131
478 158
478 230
478 347
478 392
478 232
478 54
478 164
478 213
478 236
478 279
478 318
478 336
478 411
478 444
478 453
478 461
465 5
465 35
465 94
465 147
465 152
465 153
465 158
465 392
465 160
465 161
465 162
457 72
457 100
457 153
457 307
457 329
457 158
457 330
457 363
457 392
457 332
448 267
448 273
448 232
427 2
427 32
427 62
427 35
427 64
427 92
427 119
427 146
427 95
427 40
427 97
427 150
427 71
427 152
427 267
427 153
427 44
427 101
427 102
427 155
427 47
427 76
427 104
427 158
427 273
427 363
427 392
402 64
402 152
402 154
402 155
388 37
388 66
388 94
388 147
388 201
388 202
357 64
303 119
262 2
262 62
262 64
262 119
262 94
240 35
240 64
240 119
193 91
193 119
142 32
28 2
58 32
115 62
142 63
168 64
193 65
217 66
240 67
262 68
283 69
303 70
322 71
340 72
357 73
373 74
388 75
402 76
415 77
427 78
438 79
448 80
457 81
465 82
472 83
478 84
483 85
487 86
491 88
492 89
493 90
28 3
58 33
87 62
142 91
168 92
193 93
217 94
240 95
262 96
283 97
303 98
322 99
340 100
357 101
373 102
388 103
402 104
415 105
427 106
438 107
448 108
457 109
465 110
472 111
478 112
483 113
487 114
491 116
492 117
493 118
115 35
28 5
58 35
87 64
115 92
142 119
193 146
217 147
240 148
262 149
283 150
303 151
322 152
340 153
357 154
373 155
388 156
402 157
415 158
427 159
438 160
448 161
457 162
465 163
472 164
478 165
483 166
487 167
491 169
492 170
493 171
58 119
193 37
193 94
193 121
240 97
240 150
262 71
262 152
240 152
193 71
142 71
28 12
58 42
87 71
115 99
142 126
168 152
193 177
217 201
240 224
262 246
283 267
303 287
340 307
357 308
373 309
388 310
402 311
415 312
427 313
438 314
448 315
457 316
465 317
472 318
478 319
483 320
487 321
491 323
492 324
493 325
115 152
240 267
142 267
58 267
142 287
240 153
193 127
115 153
262 101
262 154
240 154
262 308
262 155
262 156
217 156
357 76
262 76
240 47
240 76
193 47
193 131
28 17
58 47
87 76
115 104
142 131
168 157
193 182
217 206
240 229
262 251
283 272
303 292
322 311
340 329
357 346
373 362
388 377
415 392
427 393
438 394
448 395
457 396
465 397
472 398
478 399
483 400
487 401
491 403
492 404
493 405
240 272
388 158
388 207
388 363
340 158
262 158
240 158
193 18
193 132
193 158
142 18
58 18
28 18
58 48
87 77
115 105
142 132
168 158
193 183
217 207
240 230
262 252
283 273
303 293
322 312
340 330
357 347
373 363
388 378
402 392
427 406
438 407
448 408
457 409
465 410
472 411
478 412
483 413
487 414
491 416
492 417
493 418
115 158
58 158
193 207
240 273
193 273
193 293
58 312
340 363
322 363
262 363
193 363
142 363
58 363
388 392
357 392
340 392
262 392
240 392
193 392
115 392
427 107
427 160
427 232
427 275
427 394
402 160
388 160
388 209
283 232
262 160
28 20
58 50
87 79
115 107
142 134
168 160
193 185
217 209
240 232
262 254
283 275
303 295
322 314
340 332
357 349
373 365
388 380
402 394
415 407
427 419
448 431
457 432
465 433
472 434
478 435
483 436
487 437
491 439
492 440
493 441
115 160
142 314
58 314
193 332
193 407
427 108
427 161
240 161
427 162
388 211
340 81
340 109
340 162
340 316
240 162
193 136
115 162
340 396
340 409
340 432
193 432
427 82
262 82
240 82
193 137
240 278
28 368
427 433
457 336
427 111
427 164
402 164
388 213
357 164
303 213
303 279
262 164
240 164
193 54
193 111
142 54
28 24
58 54
87 83
115 111
142 138
168 164
193 189
217 213
240 236
262 258
283 279
303 299
322 318
340 336
357 353
373 369
388 384
402 398
415 411
427 423
438 434
448 444
457 453
465 461
478 469
483 470
487 471
491 473
492 474
493 475
193 318
142 318
193 336
142 369
193 411
142 411
340 453
193 453
240 165
478 320
478 413
457 338
427 56
427 113
427 166
427 238
427 320
402 166
193 56
193 113
142 56
28 26
58 56
87 85
115 113
142 140
168 166
193 191
217 215
240 238
262 260
283 281
303 301
322 320
340 338
357 355
373 371
388 386
402 400
415 413
427 425
438 436
448 446
457 455
465 463
472 470
478 476
487 482
491 484
492 485
493 486
193 320
142 320
193 338
193 413
142 413
340 455
193 455
478 471
465 167
457 114
457 167
457 339
457 414
457 437
427 114
427 167
427 401
402 167
388 216
357 167
340 114
340 167
283 167
262 167
240 167
28 27
58 57
87 86
115 114
142 141
168 167
193 192
217 216
240 239
262 261
283 282
303 302
322 321
340 339
357 356
373 372
388 387
402 401
415 414
427 426
438 437
448 447
457 456
465 464
472 471
478 477
483 482
491 488
492 489
493 490
115 167
87 167
357 401
262 401
240 401
340 414
388 437
340 437
142 437
340 456
457 464
340 464
193 471
142 471
87 471
427 482
193 482
87 482
482 2
482 32
482 63
482 119
482 65
482 66
482 69
482 175
482 70
482 72
482 268
482 74
482 227
482 270
482 327
482 363
482 80
482 81
482 277
482 367
482 82
482 279
482 336
482 369
482 453
477 2
477 32
477 63
477 65
477 67
477 122
477 173
477 124
477 71
477 224
477 267
477 72
477 127
477 225
477 268
477 288
477 44
477 128
477 308
477 326
477 230
477 273
477 363
477 80
477 135
477 81
477 136
477 234
477 277
477 297
477 351
477 137
477 236
477 336
477 453
471 2
471 32
471 63
471 119
471 65
471 122
471 70
471 71
471 72
471 127
471 288
471 128
471 326
471 74
471 131
471 77
471 363
471 79
471 232
471 80
471 81
471 136
471 297
471 351
471 82
464 2
464 8
464 13
464 153
464 202
464 225
464 247
464 268
464 288
464 327
464 329
464 333
464 22
464 162
464 211
464 234
464 256
464 277
464 297
464 367
464 396
464 442
456 43
456 72
456 127
456 225
456 268
456 327
456 328
456 330
456 333
447 40
447 225
447 268
447 288
447 273
437 2
437 32
437 71
437 72
437 127
437 268
437 327
437 273
437 363
426 2
426 32
426 62
426 38
426 67
426 122
426 40
426 69
426 97
426 175
426 244
426 267
426 72
426 225
426 247
426 268
426 44
426 326
426 74
426 102
426 227
426 270
426 327
414 32
414 71
414 43
414 72
414 127
414 268
414 307
414 328
401 2
401 64
401 119
401 67
401 197
401 97
401 150
401 244
401 267
401 72
401 153
401 225
401 247
401 268
401 326
401 74
401 102
401 155
401 227
401 270
401 327
401 344
401 228
387 66
387 72
387 202
387 247
387 268
387 288
387 327
372 2
356 2
356 66
356 67
356 68
356 69
356 244
356 70
356 72
356 225
356 247
356 268
321 32
302 2
302 124
282 2
282 67
261 2
216 2
192 32
192 63
192 91
167 2
167 62
141 2
141 32
114 32
27 1
86 32
114 33
141 34
167 35
192 36
216 37
239 38
261 39
282 40
302 41
321 42
339 43
356 44
372 45
387 46
401 47
414 48
426 49
437 50
447 51
456 52
464 53
471 54
477 55
482 56
487 58
488 59
489 60
490 61
27 2
57 32
114 62
141 63
167 64
192 65
216 66
239 67
261 68
282 69
302 70
321 71
339 72
356 73
372 74
387 75
401 76
414 77
426 78
437 79
447 80
456 81
464 82
471 83
477 84
482 85
487 87
488 88
489 89
490 90
27 4
57 34
86 63
114 91
167 119
192 120
216 121
239 122
261 123
282 124
302 125
321 126
339 127
356 128
372 129
387 130
401 131
414 132
426 133
437 134
447 135
456 136
464 137
471 138
477 139
482 140
487 142
488 143
489 144
490 145
141 65
167 94
192 122
167 67
167 95
27 8
57 38
86 67
114 95
141 122
167 148
192 173
216 197
261 221
282 222
302 223
321 224
339 225
356 226
372 227
387 228
401 229
414 230
426 231
437 232
447 233
456 234
464 235
471 236
477 237
482 238
487 240
488 241
489 242
490 243
167 197
239 69
239 97
167 97
27 10
57 40
86 69
114 97
141 124
167 150
192 175
216 199
239 222
261 244
302 266
321 267
339 268
356 269
372 270
387 271
401 272
414 273
426 274
437 275
447 276
456 277
464 278
471 279
477 280
482 281
487 283
488 284
489 285
490 286
239 244
167 244
141 71
57 71
239 267
167 267
57 267
27 267
321 13
321 43
321 127
302 268
261 72
239 72
192 13
192 43
192 72
192 127
167 72
114 13
114 43
114 72
27 13
57 43
86 72
114 100
141 127
167 153
192 178
216 202
239 225
261 247
282 268
302 288
321 307
356 326
372 327
387 328
401 329
414 330
426 331
437 332
447 333
456 334
464 335
471 336
477 337
482 338
487 340
488 341
489 342
490 343
57 127
114 153
192 225
167 225
114 225
192 247
167 247
114 247
239 268
216 268
192 268
167 268
114 268
57 268
216 288
192 288
192 307
114 307
57 307
261 326
239 326
192 326
167 326
114 326
356 74
356 227
321 45
302 270
261 74
261 227
167 102
141 45
27 15
57 45
86 74
114 102
141 129
167 155
192 180
216 204
239 227
261 249
282 270
302 290
321 309
339 327
356 344
387 361
401 362
414 363
426 364
437 365
447 366
456 367
464 368
471 369
477 370
482 371
487 373
488 374
489 375
490 376
167 227
27 227
27 270
321 327
216 327
192 327
141 327
114 327
57 327
27 327
261 344
356 75
356 228
302 271
261 75
261 228
216 16
216 75
192 130
27 16
57 46
86 75
114 103
141 130
167 156
192 181
216 205
239 228
261 250
282 271
302 291
321 310
339 328
356 345
372 361
401 377
414 378
426 379
437 380
447 381
456 382
464 383
471 384
477 385
482 386
487 388
488 389
489 390
490 391
216 228
167 228
216 271
216 328
192 328
216 361
356 76
167 47
167 76
167 272
167 329
114 329
387 363
321 18
27 18
57 48
86 77
114 105
141 132
167 158
192 183
216 207
239 230
261 252
282 273
302 293
321 312
339 330
356 347
372 363
387 378
401 392
426 406
437 407
447 408
456 409
464 410
471 411
477 412
482 413
487 415
488 416
489 417
490 418
167 230
114 230
57 273
321 363
216 363
192 363
141 363
114 363
57 363
167 392
192 331
114 331
114 406
426 232
414 332
401 232
167 232
426 80
426 108
426 366
356 80
282 80
239 80
27 21
57 51
86 80
114 108
141 135
167 161
192 186
216 210
239 233
261 255
282 276
302 296
321 315
339 333
356 350
372 366
387 381
401 395
414 408
426 420
437 431
456 442
464 443
471 444
477 445
482 446
487 448
488 449
489 450
490 451
302 366
27 366
216 381
447 234
447 277
447 297
437 81
437 136
437 277
437 367
426 81
426 234
426 256
426 277
426 351
426 367
414 52
414 81
414 136
414 277
414 316
414 334
414 382
401 81
401 162
401 234
401 256
401 277
401 351
401 367
387 81
387 211
387 256
387 277
387 297
387 367
356 81
356 234
356 256
356 277
339 52
339 81
339 136
339 234
339 277
321 22
321 52
321 136
302 277
261 81
239 81
192 22
192 52
192 81
192 136
167 81
114 22
114 52
114 81
27 22
57 52
86 81
114 109
141 136
167 162
192 187
216 211
239 234
261 256
282 277
302 297
321 316
339 334
356 351
372 367
387 382
401 396
414 409
426 421
437 432
447 442
464 452
471 453
477 454
482 455
487 457
488 458
489 459
490 460
57 136
114 162
192 234
167 234
114 234
192 256
167 256
114 256
239 277
216 277
192 277
167 277
114 277
57 277
216 297
192 297
192 316
114 316
57 316
261 351
239 351
192 351
167 351
114 351
339 367
321 367
216 367
192 367
141 367
114 367
57 367
27 367
339 382
216 382
192 382
167 396
114 396
339 409
192 421
114 421
414 432
339 442
426 82
401 82
401 352
401 368
356 82
261 82
239 82
167 82
114 82
167 235
167 278
167 352
167 368
27 368
216 383
192 336
192 453
471 84
471 337
471 370
471 454
414 337
356 84
192 337
141 370
414 454
192 454
471 338
471 455
192 338
192 455
476 119
476 131
476 137
476 24
476 54
476 83
476 138
476 164
476 189
476 213
476 236
476 279
476 318
476 353
476 398
476 423
476 444
476 461
463 5
463 146
455 65
455 146
455 72
455 127
455 153
455 178
455 202
455 268
455 288
455 327
455 329
455 363
455 331
455 332
446 208
446 294
425 119
413 119
413 65
413 146
400 119
400 146
400 151
400 155
386 65
386 146
386 37
386 66
386 94
386 121
386 172
386 199
386 200
386 202
386 204
371 2
355 64
355 119
355 66
355 70
338 65
338 146
320 91
320 35
320 119
320 146
281 2
260 2
260 64
260 119
260 146
260 66
260 94
238 64
238 119
238 146
191 119
26 2
56 32
113 62
140 63
166 64
191 65
215 66
238 67
260 68
281 69
301 70
320 71
338 72
355 73
371 74
386 75
400 76
413 77
425 78
436 79
446 80
455 81
463 82
470 83
476 84
482 86
483 87
484 88
485 89
486 90
26 4
56 34
85 63
113 91
166 119
191 120
215 121
238 122
260 123
281 124
301 125
320 126
338 127
355 128
371 129
386 130
400 131
413 132
425 133
436 134
446 135
455 136
463 137
470 138
476 139
482 141
483 142
484 143
485 144
486 145
56 91
113 35
26 5
56 35
85 64
113 92
140 119
191 146
215 147
238 148
260 149
281 150
301 151
320 152
338 153
355 154
371 155
386 156
400 157
413 158
425 159
436 160
446 161
455 162
463 163
470 164
476 165
482 167
483 168
484 169
485 170
486 171
113 119
56 119
26 119
140 65
26 6
56 36
85 65
113 93
140 120
166 146
215 172
238 173
260 174
281 175
301 176
320 177
338 178
355 179
371 180
386 181
400 182
413 183
425 184
436 185
446 186
455 187
463 188
470 189
476 190
482 192
483 193
484 194
485 195
486 196
113 146
56 146
26 7
56 37
85 66
113 94
140 121
166 147
191 172
238 197
260 198
281 199
301 200
320 201
338 202
355 203
371 204
386 205
400 206
413 207
425 208
436 209
446 210
455 211
463 212
470 213
476 214
482 216
483 217
484 218
485 219
486 220
238 97
238 150
238 175
26 10
56 40
85 69
113 97
140 124
166 150
191 175
215 199
238 222
260 244
301 266
320 267
338 268
355 269
371 270
386 271
400 272
413 273
425 274
436 275
446 276
455 277
463 278
470 279
476 280
482 282
483 283
484 284
485 285
486 286
260 70
260 98
260 151
238 151
26 11
56 41
85 70
113 98
140 125
166 151
191 176
215 200
238 223
260 245
281 266
320 287
338 288
355 289
371 290
386 291
400 292
413 293
425 294
436 295
446 296
455 297
463 298
470 299
476 300
482 302
483 303
484 304
485 305
486 306
113 153
260 155
26 15
56 45
85 74
113 102
140 129
166 155
191 180
215 204
238 227
260 249
281 270
301 290
320 309
338 327
355 344
386 361
400 362
413 363
425 364
436 365
446 366
455 367
463 368
470 369
476 370
482 372
483 373
484 374
485 375
486 376
260 344
260 156
355 76
355 131
355 272
320 47
320 131
260 76
260 131
238 47
238 76
238 131
191 131
113 47
26 17
56 47
85 76
113 104
140 131
166 157
191 182
215 206
238 229
260 251
281 272
301 292
320 311
338 329
355 346
371 362
386 377
413 392
425 393
436 394
446 395
455 396
463 397
470 398
476 399
482 401
483 402
484 403
485 404
486 405
238 272
260 377
386 207
320 18
113 158
338 363
320 363
56 363
320 392
113 392
386 208
355 208
260 208
238 159
238 208
26 19
56 49
85 78
113 106
140 133
166 159
191 184
215 208
238 231
260 253
281 274
301 294
320 313
338 331
355 348
371 364
386 379
400 393
413 406
436 419
446 420
455 421
463 422
470 423
476 424
482 426
483 427
484 428
485 429
486 430
56 133
113 159
56 184
238 274
260 294
238 294
56 313
260 379
238 393
113 406
56 406
386 209
26 20
56 50
85 79
113 107
140 134
166 160
191 185
215 209
238 232
260 254
281 275
301 295
320 314
338 332
355 349
371 365
386 380
400 394
413 407
425 419
446 431
455 432
463 433
470 434
476 435
482 437
483 438
484 439
485 440
486 441
113 160
238 161
238 395
386 211
338 81
338 136
338 162
338 187
338 211
338 277
338 297
113 162
338 367
338 396
338 421
338 432
455 82
455 137
455 188
455 335
446 137
446 278
413 137
355 82
338 82
338 137
338 188
320 137
320 188
260 82
238 82
166 82
113 82
26 23
56 53
85 82
113 110
140 137
166 163
191 188
215 212
238 235
260 257
281 278
301 298
320 317
338 335
355 352
371 368
386 383
400 397
413 410
425 422
436 433
446 443
455 452
470 461
476 462
482 464
483 465
484 466
485 467
486 468
56 137
26 137
113 188
238 278
260 352
238 352
26 368
166 397
238 422
113 422
338 452
463 164
455 336
446 279
446 423
436 423
413 54
413 111
413 189
413 336
400 164
386 213
355 83
355 164
355 213
355 236
355 279
320 24
320 54
301 24
301 213
301 279
260 164
260 213
238 164
140 24
140 54
26 24
56 54
85 83
113 111
140 138
166 164
191 189
215 213
238 236
260 258
281 279
301 299
320 318
338 336
355 353
371 369
386 384
400 398
413 411
425 423
436 434
446 444
455 453
463 461
476 469
482 471
483 472
484 473
485 474
486 475
113 164
140 189
238 279
85 279
320 369
260 369
140 369
260 384
355 398
355 423
260 423
238 423
140 423
113 423
56 423
413 453
338 453
400 461
320 461
260 461
238 461
166 461
113 461
455 337
446 280
400 165
386 214
355 84
355 165
320 25
320 112
320 165
260 165
238 165
26 25
56 55
85 84
113 112
140 139
166 165
191 190
215 214
238 237
260 259
281 280
301 300
320 319
338 337
355 354
371 370
386 385
400 399
413 412
425 424
436 435
446 445
455 454
463 462
470 469
482 477
483 478
484 479
485 480
486 481
238 280
320 370
140 370
355 399
238 399
238 424
338 454
462 119
462 197
462 224
462 287
462 47
462 230
462 392
462 161
462 315
462 395
454 122
454 173
454 43
454 72
454 127
454 178
454 225
454 247
454 288
454 307
454 44
454 326
454 329
454 183
454 230
454 330
454 347
454 392
454 331
454 406
454 186
454 315
454 333
454 408
445 122
445 44
435 119
435 287
435 44
435 128
435 131
424 119
424 38
424 122
424 173
424 224
424 44
424 128
424 179
424 308
424 47
424 131
412 44
399 119
399 146
399 173
399 224
399 154
399 179
399 226
399 308
385 37
385 66
385 121
385 172
385 197
385 123
385 174
385 198
385 176
385 201
385 287
385 44
385 128
385 179
385 203
370 2
370 4
370 63
370 119
370 121
370 122
370 123
370 71
370 126
370 267
370 287
370 44
370 128
370 308
337 122
337 173
300 122
280 119
280 38
280 67
280 122
280 173
280 197
25 1
84 32
112 33
139 34
165 35
190 36
214 37
237 38
259 39
280 40
300 41
319 42
337 43
354 44
370 45
385 46
399 47
412 48
424 49
435 50
445 51
454 52
462 53
469 54
476 56
477 57
478 58
479 59
480 60
481 61
25 2
55 32
112 62
139 63
165 64
190 65
214 66
237 67
259 68
280 69
300 70
319 71
337 72
354 73
370 74
385 75
399 76
412 77
424 78
435 79
445 80
454 81
462 82
469 83
476 85
477 86
478 87
479 88
480 89
481 90
25 4
55 34
84 63
112 91
165 119
190 120
214 121
237 122
259 123
280 124
300 125
319 126
337 127
354 128
370 129
385 130
399 131
412 132
424 133
435 134
445 135
454 136
462 137
469 138
476 140
477 141
478 142
479 143
480 144
481 145
55 91
112 35
112 119
55 119
25 119
25 6
55 36
84 65
112 93
139 120
165 146
214 172
237 173
259 174
280 175
300 176
319 177
337 178
354 179
370 180
385 181
399 182
412 183
424 184
435 185
445 186
454 187
462 188
469 189
476 191
477 192
478 193
479 194
480 195
481 196
112 146
190 121
25 121
190 122
165 95
112 38
25 8
55 38
84 67
112 95
139 122
165 148
190 173
214 197
259 221
280 222
300 223
319 224
337 225
354 226
370 227
385 228
399 229
412 230
424 231
435 232
445 233
454 234
462 235
469 236
476 238
477 239
478 240
479 241
480 242
481 243
112 122
84 122
55 122
25 122
165 173
112 173
165 197
112 39
25 9
55 39
84 68
112 96
139 123
165 149
190 174
214 198
237 221
280 244
300 245
319 246
337 247
354 248
370 249
385 250
399 251
412 252
424 253
435 254
445 255
454 256
462 257
469 258
476 260
477 261
478 262
479 263
480 264
481 265
112 174
165 221
280 70
280 223
25 11
55 41
84 70
112 98
139 125
165 151
190 176
214 200
237 223
259 245
280 266
319 287
337 288
354 289
370 290
385 291
399 292
412 293
424 294
435 295
445 296
454 297
462 298
469 299
476 301
477 302
478 303
479 304
480 305
481 306
25 41
112 71
25 12
55 42
84 71
112 99
139 126
165 152
190 177
214 201
237 224
259 246
280 267
300 287
337 307
354 308
370 309
385 310
399 311
412 312
424 313
435 314
445 315
454 316
462 317
469 318
476 320
477 321
478 322
479 323
480 324
481 325
55 126
112 152
112 177
55 177
165 224
112 224
55 224
25 224
112 246
55 267
25 267
214 287
139 287
55 287
25 287
190 127
337 44
300 128
280 44
280 128
280 226
259 44
259 128
259 179
237 44
190 128
165 44
165 101
112 44
84 44
25 14
55 44
84 73
112 101
139 128
165 154
190 179
214 203
237 226
259 248
280 269
300 289
319 308
337 326
370 344
385 345
399 346
412 347
424 348
435 349
445 350
454 351
462 352
469 353
476 355
477 356
478 357
479 358
480 359
481 360
84 128
112 179
84 179
165 226
280 289
259 308
237 308
165 308
112 308
84 308
25 308
280 228
190 130
214 228
214 310
214 345
370 47
370 131
300 131
280 131
190 131
165 47
165 76
165 104
165 131
112 47
25 17
55 47
84 76
112 104
139 131
165 157
190 182
214 206
237 229
259 251
280 272
300 292
319 311
337 329
354 346
370 362
385 377
412 392
424 393
435 394
445 395
454 396
462 397
469 398
476 400
477 401
478 402
479 403
480 404
481 405
112 131
25 131
165 182
112 182
165 229
165 251
165 311
112 311
165 346
214 377
385 207
385 252
385 293
385 347
337 183
337 230
280 230
190 132
25 18
55 48
84 77
112 105
139 132
165 158
190 183
214 207
237 230
259 252
280 273
300 293
319 312
337 330
354 347
370 363
385 378
399 392
424 406
435 407
445 408
454 409
462 410
469 411
476 413
477 414
478 415
479 416
480 417
481 418
55 132
112 158
165 230
112 230
55 230
112 252
55 312
337 347
112 347
84 347
337 392
165 392
112 392
385 208
370 133
25 19
55 49
84 78
112 106
139 133
165 159
190 184
214 208
237 231
259 253
280 274
300 294
319 313
337 331
354 348
370 364
385 379
399 393
412 406
435 419
445 420
454 421
462 422
469 423
476 425
477 426
478 427
479 428
480 429
481 430
55 133
112 184
280 294
112 313
55 313
165 393
337 406
112 406
55 406
424 232
280 232
165 232
112 232
424 135
424 186
385 186
337 186
337 315
280 80
280 135
280 186
280 233
25 21
55 51
84 80
112 108
139 135
165 161
190 186
214 210
237 233
259 255
280 276
300 296
319 315
337 333
354 350
370 366
385 381
399 395
412 408
424 420
435 431
454 442
462 443
469 444
476 446
477 447
478 448
479 449
480 450
481 451
55 135
25 135
55 186
55 315
25 315
280 350
280 395
165 395
337 408
337 52
337 81
337 136
337 187
337 234
337 256
337 297
337 316
190 136
337 351
337 396
337 409
337 421
337 442
454 137
454 188
424 137
399 352
370 137
337 137
337 188
319 137
190 137
165 82
165 137
112 53
112 137
55 137
25 137
112 188
165 235
165 352
165 397
112 410
462 236
462 444
454 54
454 336
454 411
454 444
435 54
435 138
435 189
435 213
435 279
435 318
435 336
435 384
435 411
435 423
424 54
424 236
412 54
412 318
412 336
399 164
399 236
399 258
399 318
399 353
385 213
370 24
370 54
370 138
370 318
354 236
354 258
337 54
319 54
300 138
300 213
300 236
300 279
280 236
259 236
190 54
190 138
165 111
139 54
112 54
25 24
55 54
84 83
112 111
139 138
165 164
190 189
214 213
237 236
259 258
280 279
300 299
319 318
337 336
354 353
370 369
385 384
399 398
412 411
424 423
435 434
445 444
454 453
462 461
476 470
477 471
478 472
479 473
480 474
481 475
112 164
139 189
112 189
165 236
112 236
84 236
165 258
112 258
84 258
84 279
190 318
165 318
139 318
112 318
55 318
25 318
112 336
259 353
165 353
84 353
300 384
214 384
165 398
337 411
112 411
399 423
165 423
112 423
84 423
435 444
424 444
337 444
300 444
280 444
435 453
412 453
337 453
112 453
399 461
165 461
112 461
461 119
461 146
461 98
461 151
461 392
453 65
453 72
453 127
453 178
453 288
453 326
453 329
453 293
453 330
453 363
453 392
453 332
444 41
444 288
444 293
444 294
444 232
444 295
423 91
423 119
423 122
423 98
423 44
423 128
423 47
423 131
398 119
398 151
384 65
384 66
384 121
384 172
384 174
384 70
384 176
384 200
384 288
384 179
369 2
369 119
353 70
336 65
318 91
318 119
279 2
279 119
279 67
279 122
258 119
236 119
189 91
189 119
24 2
54 32
111 62
138 63
164 64
189 65
213 66
236 67
258 68
279 69
299 70
318 71
336 72
353 73
369 74
384 75
398 76
411 77
423 78
434 79
444 80
453 81
461 82
469 84
470 85
471 86
472 87
473 88
474 89
475 90
24 4
54 34
83 63
111 91
164 119
189 120
213 121
236 122
258 123
279 124
299 125
318 126
336 127
353 128
369 129
384 130
398 131
411 132
423 133
434 134
444 135
453 136
461 137
469 139
470 140
471 141
472 142
473 143
474 144
475 145
54 91
111 119
54 119
24 119
24 6
54 36
83 65
111 93
138 120
164 146
213 172
236 173
258 174
279 175
299 176
318 177
336 178
353 179
369 180
384 181
398 182
411 183
423 184
434 185
444 186
453 187
461 188
469 190
470 191
471 192
472 193
473 194
474 195
475 196
111 146
54 122
279 70
279 223
258 70
258 98
236 70
236 98
236 151
164 98
24 11
54 41
83 70
111 98
138 125
164 151
189 176
213 200
236 223
258 245
279 266
318 287
336 288
353 289
369 290
384 291
398 292
411 293
423 294
434 295
444 296
453 297
461 298
469 300
470 301
471 302
472 303
473 304
474 305
475 306
24 98
54 71
54 126
54 177
54 287
24 287
54 127
279 128
258 128
236 44
236 128
189 128
24 14
54 44
83 73
111 101
138 128
164 154
189 179
213 203
236 226
258 248
279 269
299 289
318 308
336 326
369 344
384 345
398 346
411 347
423 348
434 349
444 350
453 351
461 352
469 354
470 355
471 356
472 357
473 358
474 359
475 360
83 128
279 289
258 289
236 289
213 291
369 131
353 76
353 131
318 47
318 131
279 76
279 131
258 131
236 47
236 76
236 131
189 131
164 47
164 76
164 104
164 131
111 47
24 17
54 47
83 76
111 104
138 131
164 157
189 182
213 206
236 229
258 251
279 272
299 292
318 311
336 329
353 346
369 362
384 377
411 392
423 393
434 394
444 395
453 396
461 397
469 399
470 400
471 401
472 402
473 403
474 404
475 405
111 131
54 131
24 131
236 272
236 292
164 292
213 377
384 207
384 293
336 293
24 18
54 48
83 77
111 105
138 132
164 158
189 183
213 207
236 230
258 252
279 273
299 293
318 312
336 330
353 347
369 363
384 378
398 392
423 406
434 407
444 408
453 409
461 410
469 412
470 413
471 414
472 415
473 416
474 417
475 418
54 132
111 158
213 293
54 293
336 363
54 363
336 392
318 392
236 392
164 392
111 392
54 133
279 294
236 294
54 313
111 406
54 406
423 232
423 349
423 394
384 185
384 209
384 254
384 295
384 349
279 232
24 20
54 50
83 79
111 107
138 134
164 160
189 185
213 209
236 232
258 254
279 275
299 295
318 314
336 332
353 349
369 365
384 380
398 394
411 407
423 419
444 431
453 432
461 433
469 435
470 436
471 437
472 438
473 439
474 440
475 441
54 134
111 160
54 185
164 232
111 232
54 232
279 295
213 295
54 314
279 349
258 349
83 349
164 394
111 394
54 407
279 80
54 135
236 395
444 297
384 297
336 81
336 136
336 187
336 297
54 136
336 351
336 396
336 409
336 432
453 137
444 137
336 137
318 137
236 82
164 82
54 137
24 137
236 352
164 352
164 397
452 94
452 13
452 100
452 153
452 202
452 225
452 247
452 307
452 329
452 331
452 108
452 333
433 35
433 119
433 94
433 98
433 153
433 103
433 156
433 47
433 18
433 158
433 392
433 208
422 3
422 5
422 35
422 92
422 146
422 8
422 95
422 148
422 97
422 153
422 47
422 104
410 35
410 94
410 100
410 153
410 307
410 103
397 5
397 92
397 146
397 147
397 148
397 149
397 151
397 152
397 153
397 154
383 7
383 37
383 94
383 147
383 172
383 197
383 198
383 201
383 153
383 202
383 247
368 2
368 3
368 5
368 119
368 7
368 94
368 8
368 9
368 13
368 153
352 5
352 64
352 146
352 94
352 147
352 8
352 95
352 148
352 197
352 149
352 221
352 150
352 244
352 151
352 153
335 94
317 3
317 5
317 35
298 197
278 5
278 8
278 148
278 197
257 5
257 94
235 5
188 3
188 119
137 1
137 2
137 3
53 1
82 2
110 3
137 4
163 5
188 6
212 7
235 8
257 9
278 10
298 11
317 12
335 13
352 14
368 15
383 16
397 17
410 18
422 19
433 20
443 21
452 22
461 24
462 25
463 26
464 27
465 28
466 29
467 30
468 31
53 3
23 3
53 33
82 62
137 91
163 92
188 93
212 94
235 95
257 96
278 97
298 98
317 99
335 100
352 101
368 102
383 103
397 104
410 105
422 106
433 107
443 108
452 109
461 111
462 112
463 113
464 114
465 115
466 116
467 117
468 118
137 35
110 5
110 35
23 5
53 35
82 64
110 92
137 119
188 146
212 147
235 148
257 149
278 150
298 151
317 152
335 153
352 154
368 155
383 156
397 157
410 158
422 159
433 160
443 161
452 162
461 164
462 165
463 166
464 167
465 168
466 169
467 170
468 171
82 119
53 119
137 6
137 36
137 146
110 146
82 146
188 37
188 94
137 37
137 94
23 7
53 37
82 66
110 94
137 121
163 147
188 172
235 197
257 198
278 199
298 200
317 201
335 202
352 203
368 204
383 205
397 206
410 207
422 208
433 209
443 210
452 211
461 213
462 214
463 215
464 216
465 217
466 218
467 219
468 220
82 94
53 94
137 8
137 38
23 8
53 38
82 67
110 95
137 122
163 148
188 173
212 197
257 221
278 222
298 223
317 224
335 225
352 226
368 227
383 228
397 229
410 230
422 231
433 232
443 233
452 234
461 236
462 237
463 238
464 239
465 240
466 241
467 242
468 243
82 95
82 148
137 173
82 197
137 39
23 9
53 39
82 68
110 96
137 123
163 149
188 174
212 198
235 221
278 244
298 245
317 246
335 247
352 248
368 249
383 250
397 251
410 252
422 253
433 254
443 255
452 256
461 258
462 259
463 260
464 261
465 262
466 263
467 264
468 265
82 149
82 221
235 150
82 97
82 150
137 175
82 244
278 151
278 223
188 98
137 11
137 41
137 98
137 176
137 12
23 12
53 42
82 71
110 99
137 126
163 152
188 177
212 201
235 224
257 246
278 267
298 287
335 307
352 308
368 309
383 310
397 311
410 312
422 313
433 314
443 315
452 316
461 318
462 319
463 320
464 321
465 322
466 323
467 324
468 325
53 99
110 152
53 152
137 177
137 201
137 224
53 224
137 267
53 267
137 287
278 153
278 225
235 153
188 13
188 153
137 13
53 13
23 13
53 43
82 72
110 100
137 127
163 153
188 178
212 202
235 225
257 247
278 268
298 288
317 307
352 326
368 327
383 328
397 329
410 330
422 331
433 332
443 333
452 334
461 336
462 337
463 338
464 339
465 340
466 341
467 342
468 343
110 153
82 153
53 153
188 202
82 225
82 247
82 268
188 288
137 288
137 307
53 307
137 44
82 101
82 154
82 326
368 16
352 156
352 228
278 228
257 156
212 16
212 156
188 103
137 16
82 156
82 228
137 310
383 206
368 17
368 47
368 329
352 17
352 76
352 104
352 157
352 206
352 229
352 251
352 272
352 329
317 47
188 47
163 104
137 47
23 17
53 47
82 76
110 104
137 131
163 157
188 182
212 206
235 229
257 251
278 272
298 292
317 311
335 329
352 346
368 362
383 377
410 392
422 393
433 394
443 395
452 396
461 398
462 399
463 400
464 401
465 402
466 403
467 404
468 405
188 329
82 329
352 377
212 377
383 207
317 18
188 18
137 18
53 18
110 158
82 158
53 158
137 230
82 230
53 230
82 273
137 293
137 363
352 392
188 392
137 392
82 392
397 159
383 208
368 19
368 208
352 159
352 208
278 208
235 159
137 19
23 19
53 49
82 78
110 106
137 133
163 159
188 184
212 208
235 231
257 253
278 274
298 294
317 313
335 331
352 348
368 364
383 379
397 393
410 406
433 419
443 420
452 421
461 423
462 424
463 425
464 426
465 427
466 428
467 429
468 430
110 159
82 159
188 208
137 208
82 208
137 294
137 313
53 313
352 393
137 406
53 406
278 232
137 20
137 232
82 232
433 108
433 161
422 108
422 161
422 395
410 108
397 161
383 210
352 161
352 255
335 108
298 161
278 21
278 108
278 161
278 233
235 161
137 21
137 108
23 21
53 51
82 80
110 108
137 135
163 161
188 186
212 210
235 233
257 255
278 276
298 296
317 315
335 333
352 350
368 366
383 381
397 395
410 408
422 420
433 431
452 442
461 444
462 445
463 446
464 447
465 448
466 449
467 450
468 451
53 108
82 161
53 161
137 186
137 315
53 315
352 395
298 395
278 395
235 395
433 162
422 162
410 109
410 162
410 316
397 162
383 162
383 211
383 256
368 22
368 162
352 162
335 22
335 109
335 162
335 211
335 234
335 256
335 316
278 162
278 234
235 162
188 22
188 162
137 22
53 22
23 22
53 52
82 81
110 109
137 136
163 162
188 187
212 211
235 234
257 256
278 277
298 297
317 316
335 334
352 351
368 367
383 382
397 396
410 409
422 421
433 432
443 442
461 453
462 454
463 455
464 456
465 457
466 458
467 459
468 460
110 162
82 162
53 162
188 211
82 234
82 256
82 277
188 297
137 297
137 316
53 316
82 351
368 396
352 396
335 396
188 396
82 396
335 421
335 442
442 13
442 43
442 225
442 268
442 288
442 326
442 331
432 43
432 72
432 100
432 127
432 178
432 307
432 103
432 328
432 330
432 363
432 331
432 406
421 62
421 93
421 95
421 173
421 97
421 43
421 72
421 100
421 127
421 153
421 178
421 225
421 247
421 268
421 326
421 327
421 329
409 43
409 72
409 100
409 127
409 178
409 307
409 328
396 146
396 94
396 95
396 173
396 100
396 153
396 202
396 225
396 247
396 268
396 288
396 101
396 326
396 327
382 94
382 172
382 72
382 178
382 202
382 247
382 288
382 326
367 13
367 72
367 127
367 178
367 247
367 307
351 62
351 65
351 67
351 173
351 72
351 153
351 202
351 225
351 247
351 268
351 288
297 175
256 62
256 94
162 62
136 32
22 1
81 32
109 33
136 34
162 35
187 36
211 37
234 38
256 39
277 40
297 41
316 42
334 43
351 44
367 45
382 46
396 47
409 48
421 49
432 50
442 51
452 53
453 54
454 55
455 56
456 57
457 58
458 59
459 60
460 61
22 2
52 32
109 62
136 63
162 64
187 65
211 66
234 67
256 68
277 69
297 70
316 71
334 72
351 73
367 74
382 75
396 76
409 77
421 78
432 79
442 80
452 82
453 83
454 84
455 85
456 86
457 87
458 88
459 89
460 90
22 3
52 33
81 62
136 91
162 92
187 93
211 94
234 95
256 96
277 97
297 98
316 99
334 100
351 101
367 102
382 103
396 104
409 105
421 106
432 107
442 108
452 110
453 111
454 112
455 113
456 114
457 115
458 116
459 117
460 118
52 91
136 36
136 65
22 6
52 36
81 65
109 93
136 120
162 146
211 172
234 173
256 174
277 175
297 176
316 177
334 178
351 179
367 180
382 181
396 182
409 183
421 184
432 185
442 186
452 188
453 189
454 190
455 191
456 192
457 193
458 194
459 195
460 196
162 94
162 95
22 8
52 38
81 67
109 95
136 122
162 148
187 173
211 197
256 221
277 222
297 223
316 224
334 225
351 226
367 227
382 228
396 229
409 230
421 231
432 232
442 233
452 235
453 236
454 237
455 238
456 239
457 240
458 241
459 242
460 243
234 97
162 97
136 175
22 12
52 42
81 71
109 99
136 126
162 152
187 177
211 201
234 224
256 246
277 267
297 287
334 307
351 308
367 309
382 310
396 311
409 312
421 313
432 314
442 315
452 317
453 318
454 319
455 320
456 321
457 322
458 323
459 324
460 325
136 177
316 13
316 43
316 100
316 127
316 178
297 13
297 127
297 178
297 202
297 225
297 247
297 268
277 13
277 72
277 153
277 225
256 72
256 100
256 153
256 202
256 225
234 43
234 72
234 100
234 153
211 13
211 153
211 178
187 43
187 100
187 127
162 100
136 13
136 43
136 72
109 43
52 13
22 13
52 43
81 72
109 100
136 127
162 153
187 178
211 202
234 225
256 247
277 268
297 288
316 307
351 326
367 327
382 328
396 329
409 330
421 331
432 332
442 333
452 335
453 336
454 337
455 338
456 339
457 340
458 341
459 342
460 343
22 43
52 100
81 127
52 127
22 127
109 153
136 178
109 178
52 178
187 202
162 202
22 202
162 225
109 225
81 225
52 225
234 247
211 247
162 247
109 247
81 247
234 268
162 268
81 268
22 268
277 288
256 288
234 288
211 288
187 288
136 288
22 288
187 307
136 307
109 307
52 307
22 307
256 101
162 101
297 326
277 326
256 326
234 326
211 326
162 326
81 326
136 180
316 327
256 327
187 327
136 327
81 327
22 327
351 228
351 328
297 228
277 228
256 103
256 228
211 16
211 103
211 156
211 181
162 103
22 16
52 46
81 75
109 103
136 130
162 156
187 181
211 205
234 228
256 250
277 271
297 291
316 310
334 328
351 345
367 361
396 377
409 378
421 379
432 380
442 381
452 383
453 384
454 385
455 386
456 387
457 388
458 389
459 390
460 391
211 228
211 310
297 328
256 328
211 328
187 328
81 328
367 329
351 76
351 329
162 47
162 104
297 329
277 329
256 329
234 329
211 329
162 329
109 329
211 377
382 207
382 330
351 230
351 273
316 18
316 48
277 230
136 18
52 18
22 18
52 48
81 77
109 105
136 132
162 158
187 183
211 207
234 230
256 252
277 273
297 293
316 312
334 330
351 347
367 363
382 378
396 392
421 406
432 407
442 408
452 410
453 411
454 412
455 413
456 414
457 415
458 416
459 417
460 418
52 105
136 183
52 183
162 230
52 230
234 273
81 273
52 312
316 330
187 330
136 330
109 330
81 330
52 330
316 363
256 363
187 363
136 363
81 363
52 363
22 363
211 378
351 392
162 392
396 331
367 331
351 331
22 19
52 49
81 78
109 106
136 133
162 159
187 184
211 208
234 231
256 253
277 274
297 294
316 313
334 331
351 348
367 364
382 379
396 393
409 406
432 419
442 420
452 422
453 423
454 424
455 425
456 426
457 427
458 428
459 429
460 430
277 331
256 331
234 331
187 331
162 331
136 331
109 331
81 331
52 331
256 379
136 406
109 406
52 406
421 332
409 332
382 332
277 232
136 185
316 332
187 332
136 332
109 332
81 332
52 332
421 108
421 186
421 333
351 80
351 333
297 186
277 80
277 108
277 186
277 233
234 108
162 108
22 21
52 51
81 80
109 108
136 135
162 161
187 186
211 210
234 233
256 255
277 276
297 296
316 315
334 333
351 350
367 366
382 381
396 395
409 408
421 420
432 431
452 443
453 444
454 445
455 446
456 447
457 448
458 449
459 450
460 451
52 108
136 186
52 186
52 315
297 333
277 333
234 333
52 333
22 333
22 366
297 381
211 381
52 408
420 40
408 43
408 44
395 8
395 148
395 197
395 150
395 151
395 223
395 14
395 154
395 226
381 37
381 197
381 199
381 202
381 288
366 2
366 10
366 267
366 13
350 244
315 1
315 37
315 38
315 40
315 41
51 1
80 2
108 3
135 4
161 5
186 6
210 7
233 8
255 9
276 10
296 11
315 12
333 13
350 14
366 15
381 16
395 17
408 18
420 19
431 20
442 22
443 23
444 24
445 25
446 26
447 27
448 28
449 29
450 30
451 31
21 1
80 32
108 33
135 34
161 35
186 36
210 37
233 38
255 39
276 40
296 41
315 42
333 43
350 44
366 45
381 46
395 47
408 48
420 49
431 50
442 52
443 53
444 54
445 55
446 56
447 57
448 58
449 59
450 60
451 61
108 35
186 37
186 121
186 122
161 8
161 95
108 38
21 8
51 38
80 67
108 95
135 122
161 148
186 173
210 197
255 221
276 222
296 223
315 224
333 225
350 226
366 227
381 228
395 229
408 230
420 231
431 232
442 234
443 235
444 236
445 237
446 238
447 239
448 240
449 241
450 242
451 243
161 197
233 40
186 40
186 124
161 97
135 40
108 40
80 40
21 10
51 40
80 69
108 97
135 124
161 150
186 175
210 199
233 222
255 244
296 266
315 267
333 268
350 269
366 270
381 271
395 272
408 273
420 274
431 275
442 277
443 278
444 279
445 280
446 281
447 282
448 283
449 284
450 285
451 286
80 124
135 175
80 244
186 41
135 41
21 11
51 41
80 70
108 98
135 125
161 151
186 176
210 200
233 223
255 245
276 266
315 287
333 288
350 289
366 290
381 291
395 292
408 293
420 294
431 295
442 297
443 298
444 299
445 300
446 301
447 302
448 303
449 304
450 305
451 306
135 267
51 267
135 287
315 43
186 43
186 127
108 43
21 13
51 43
80 72
108 100
135 127
161 153
186 178
210 202
233 225
255 247
276 268
296 288
315 307
350 326
366 327
381 328
395 329
408 330
420 331
431 332
442 334
443 335
444 336
445 337
446 338
447 339
448 340
449 341
450 342
451 343
108 153
108 225
233 268
186 268
108 268
80 268
186 288
315 44
255 14
255 44
186 44
135 44
108 44
80 44
21 14
51 44
80 73
108 101
135 128
161 154
186 179
210 203
233 226
255 248
276 269
296 289
315 308
333 326
366 344
381 345
395 346
408 347
420 348
431 349
442 351
443 352
444 353
445 354
446 355
447 356
448 357
449 358
450 359
451 360
80 269
80 326
255 228
210 16
186 46
186 130
210 228
210 271
80 271
315 47
161 47
108 47
161 229
161 272
315 18
108 230
186 273
108 273
80 273
186 293
395 159
395 208
395 231
395 294
395 348
381 208
366 19
366 208
366 294
255 208
186 133
108 19
108 49
21 19
51 49
80 78
108 106
135 133
161 159
186 184
210 208
233 231
255 253
276 274
296 294
315 313
333 331
350 348
366 364
381 379
395 393
408 406
431 419
442 421
443 422
444 423
445 424
446 425
447 426
448 427
449 428
450 429
451 430
108 159
186 208
161 208
161 231
108 231
233 274
80 274
255 294
186 294
135 294
108 313
186 331
108 331
255 348
80 348
255 379
186 379
161 393
186 406
108 406
51 406
395 232
161 232
108 232
80 232
80 275
394 119
394 146
232 2
232 32
232 62
232 35
232 64
232 119
232 146
185 91
20 1
79 32
107 33
134 34
160 35
185 36
209 37
232 38
254 39
275 40
295 41
314 42
332 43
349 44
365 45
380 46
394 47
407 48
419 49
431 51
432 52
433 53
434 54
435 55
436 56
437 57
438 58
439 59
440 60
441 61
20 2
50 32
107 62
134 63
160 64
185 65
209 66
232 67
254 68
275 69
295 70
314 71
332 72
349 73
365 74
380 75
394 76
407 77
419 78
431 80
432 81
433 82
434 83
435 84
436 85
437 86
438 87
439 88
440 89
441 90
20 3
50 33
79 62
134 91
160 92
185 93
209 94
232 95
254 96
275 97
295 98
314 99
332 100
349 101
365 102
380 103
394 104
407 105
419 106
431 108
432 109
433 110
434 111
435 112
436 113
437 114
438 115
439 116
440 117
441 118
20 4
50 34
79 63
107 91
160 119
185 120
209 121
232 122
254 123
275 124
295 125
314 126
332 127
349 128
365 129
380 130
394 131
407 132
419 133
431 135
432 136
433 137
434 138
435 139
436 140
437 141
438 142
439 143
440 144
441 145
50 91
20 6
50 36
79 65
107 93
134 120
160 146
209 172
232 173
254 174
275 175
295 176
314 177
332 178
349 179
365 180
380 181
394 182
407 183
419 184
431 186
432 187
433 188
434 189
435 190
436 191
437 192
438 193
439 194
440 195
441 196
185 121
160 94
232 40
232 97
232 124
232 150
232 175
232 244
232 41
232 98
232 71
20 12
50 42
79 71
107 99
134 126
160 152
185 177
209 201
232 224
254 246
275 267
295 287
332 307
349 308
365 309
380 310
394 311
407 312
419 313
431 315
432 316
433 317
434 318
435 319
436 320
437 321
438 322
439 323
440 324
441 325
232 267
185 127
232 268
232 44
232 101
232 308
332 103
254 103
209 16
209 156
185 46
185 130
20 16
50 46
79 75
107 103
134 130
160 156
185 181
209 205
232 228
254 250
275 271
295 291
314 310
332 328
349 345
365 361
394 377
407 378
419 379
431 381
432 382
433 383
434 384
435 385
436 386
437 387
438 388
439 389
440 390
441 391
232 271
209 310
349 76
232 47
232 76
232 131
160 47
160 104
232 272
209 377
185 132
20 18
50 48
79 77
107 105
134 132
160 158
185 183
209 207
232 230
254 252
275 273
295 293
314 312
332 330
349 347
365 363
380 378
394 392
419 406
431 408
432 409
433 410
434 411
435 412
436 413
437 414
438 415
439 416
440 417
441 418
232 273
332 363
314 363
185 363
232 392
160 392
232 78
232 159
232 208
20 19
50 49
79 78
107 106
134 133
160 159
185 184
209 208
232 231
254 253
275 274
295 294
314 313
332 331
349 348
365 364
380 379
394 393
407 406
431 420
432 421
433 422
434 423
435 424
436 425
437 426
438 427
439 428
440 429
441 430
232 274
232 294
232 313
232 348
254 379
232 379
232 393
332 406
232 406
107 406
50 406
406 32
406 33
406 62
406 91
406 35
406 119
406 36
406 65
406 93
406 146
406 38
406 95
406 173
406 39
406 40
406 97
406 71
406 99
406 43
406 100
406 127
406 44
406 101
406 46
406 103
406 47
393 119
393 146
393 95
393 148
393 97
393 150
393 101
393 154
393 155
393 227
379 65
379 146
379 37
379 94
379 173
379 39
379 174
379 175
379 244
379 247
379 44
379 179
364 2
348 67
348 221
348 97
348 244
331 62
331 93
331 95
331 173
331 97
313 1
313 32
313 33
313 91
313 35
313 119
313 36
313 38
313 122
313 39
294 119
294 122
294 173
294 124
294 175
294 244
274 67
208 2
208 119
208 146
184 91
184 119
133 32
19 1
78 32
106 33
133 34
159 35
184 36
208 37
231 38
253 39
274 40
294 41
313 42
331 43
348 44
364 45
379 46
393 47
406 48
419 50
420 51
421 52
422 53
423 54
424 55
425 56
426 57
427 58
428 59
429 60
430 61
19 2
49 32
106 62
133 63
159 64
184 65
208 66
231 67
253 68
274 69
294 70
313 71
331 72
348 73
364 74
379 75
393 76
406 77
419 79
420 80
421 81
422 82
423 83
424 84
425 85
426 86
427 87
428 88
429 89
430 90
19 3
49 33
78 62
133 91
159 92
184 93
208 94
231 95
253 96
274 97
294 98
313 99
331 100
348 101
364 102
379 103
393 104
406 105
419 107
420 108
421 109
422 110
423 111
424 112
425 113
426 114
427 115
428 116
429 117
430 118
19 4
49 34
78 63
106 91
159 119
184 120
208 121
231 122
253 123
274 124
294 125
313 126
331 127
348 128
364 129
379 130
393 131
406 132
419 134
420 135
421 136
422 137
423 138
424 139
425 140
426 141
427 142
428 143
429 144
430 145
49 91
106 35
19 5
49 35
78 64
106 92
133 119
184 146
208 147
231 148
253 149
274 150
294 151
313 152
331 153
348 154
364 155
379 156
393 157
406 158
419 160
420 161
421 162
422 163
423 164
424 165
425 166
426 167
427 168
428 169
429 170
430 171
19 119
133 36
133 65
19 6
49 36
78 65
106 93
133 120
159 146
208 172
231 173
253 174
274 175
294 176
313 177
331 178
348 179
364 180
379 181
393 182
406 183
419 185
420 186
421 187
422 188
423 189
424 190
425 191
426 192
427 193
428 194
429 195
430 196
208 173
184 122
159 95
19 8
49 38
78 67
106 95
133 122
159 148
184 173
208 197
253 221
274 222
294 223
313 224
331 225
348 226
364 227
379 228
393 229
406 230
419 232
420 233
421 234
422 235
423 236
424 237
425 238
426 239
427 240
428 241
429 242
430 243
133 173
208 174
19 9
49 39
78 68
106 96
133 123
159 149
184 174
208 198
231 221
274 244
294 245
313 246
331 247
348 248
364 249
379 250
393 251
406 252
419 254
420 255
421 256
422 257
423 258
424 259
425 260
426 261
427 262
428 263
429 264
430 265
231 97
231 150
208 175
159 97
133 40
19 10
49 40
78 69
106 97
133 124
159 150
184 175
208 199
231 222
253 244
294 266
313 267
331 268
348 269
364 270
379 271
393 272
406 273
419 275
420 276
421 277
422 278
423 279
424 280
425 281
426 282
427 283
428 284
429 285
430 286
78 97
19 97
133 175
231 244
208 244
78 244
133 41
19 267
19 13
49 43
78 72
106 100
133 127
159 153
184 178
208 202
231 225
253 247
274 268
294 288
313 307
348 326
364 327
379 328
393 329
406 330
419 332
420 333
421 334
422 335
423 336
424 337
425 338
426 339
427 340
428 341
429 342
430 343
313 44
253 44
253 101
231 44
208 14
208 44
208 179
184 44
159 101
133 44
78 44
19 14
49 44
78 73
106 101
133 128
159 154
184 179
208 203
231 226
253 248
274 269
294 289
313 308
331 326
364 344
379 345
393 346
406 347
419 349
420 350
421 351
422 352
423 353
424 354
425 355
426 356
427 357
428 358
429 359
430 360
313 45
313 102
133 45
19 15
49 45
78 74
106 102
133 129
159 155
184 180
208 204
231 227
253 249
274 270
294 290
313 309
331 327
348 344
379 361
393 362
406 363
419 365
420 366
421 367
422 368
423 369
424 370
425 371
426 372
427 373
428 374
429 375
430 376
19 102
19 227
208 16
208 46
208 103
208 156
208 228
208 271
208 345
208 361
348 76
348 272
313 47
313 131
294 131
231 47
208 47
208 182
184 47
184 131
159 47
159 104
106 47
19 17
49 47
78 76
106 104
133 131
159 157
184 182
208 206
231 229
253 251
274 272
294 292
313 311
331 329
348 346
364 362
379 377
406 392
419 394
420 395
421 396
422 397
423 398
424 399
425 400
426 401
427 402
428 403
429 404
430 405
19 47
159 229
231 272
159 272
208 377
392 62
392 35
392 64
392 92
392 119
392 93
392 146
392 94
392 95
392 173
392 98
392 71
392 99
392 152
392 224
392 153
392 44
392 101
392 154
392 179
392 308
392 326
392 103
392 156
378 37
378 94
378 172
378 202
363 2
363 32
363 63
363 91
363 119
363 36
363 65
363 37
363 94
363 121
363 39
363 123
363 71
363 126
363 177
363 201
363 267
363 287
363 13
363 43
363 72
363 127
363 178
363 247
363 307
363 44
347 62
347 65
347 71
293 119
293 121
273 32
273 119
273 38
273 122
252 62
252 94
230 32
230 62
230 35
230 119
230 146
183 91
158 62
132 32
18 1
77 32
105 33
132 34
158 35
183 36
207 37
230 38
252 39
273 40
293 41
312 42
330 43
347 44
363 45
378 46
392 47
406 49
407 50
408 51
409 52
410 53
411 54
412 55
413 56
414 57
415 58
416 59
417 60
418 61
18 2
48 32
105 62
132 63
158 64
183 65
207 66
230 67
252 68
273 69
293 70
312 71
330 72
347 73
363 74
378 75
392 76
406 78
407 79
408 80
409 81
410 82
411 83
412 84
413 85
414 86
415 87
416 88
417 89
418 90
18 3
48 33
77 62
132 91
158 92
183 93
207 94
230 95
252 96
273 97
293 98
312 99
330 100
347 101
363 102
378 103
392 104
406 106
407 107
408 108
409 109
410 110
411 111
412 112
413 113
414 114
415 115
416 116
417 117
418 118
18 4
48 34
77 63
105 91
158 119
183 120
207 121
230 122
252 123
273 124
293 125
312 126
330 127
347 128
363 129
378 130
392 131
406 133
407 134
408 135
409 136
410 137
411 138
412 139
413 140
414 141
415 142
416 143
417 144
418 145
48 91
18 91
18 119
132 36
18 6
48 36
77 65
105 93
132 120
158 146
207 172
230 173
252 174
273 175
293 176
312 177
330 178
347 179
363 180
378 181
392 182
406 184
407 185
408 186
409 187
410 188
411 189
412 190
413 191
414 192
415 193
416 194
417 195
418 196
158 94
18 37
18 94
18 121
158 95
230 40
230 97
18 41
252 71
230 71
158 99
18 12
48 42
77 71
105 99
132 126
158 152
183 177
207 201
230 224
252 246
273 267
293 287
330 307
347 308
363 309
378 310
392 311
406 313
407 314
408 315
409 316
410 317
411 318
412 319
413 320
414 321
415 322
416 323
417 324
418 325
18 99
132 177
18 177
18 201
230 267
18 267
18 287
312 43
273 72
273 225
230 43
230 153
183 43
183 127
105 43
18 13
48 43
77 72
105 100
132 127
158 153
183 178
207 202
230 225
252 247
273 268
293 288
312 307
347 326
363 327
378 328
392 329
406 331
407 332
408 333
409 334
410 335
411 336
412 337
413 338
414 339
415 340
416 341
417 342
418 343
18 43
18 127
230 268
48 307
18 307
273 44
252 44
252 101
230 44
230 101
158 101
252 308
230 308
273 326
230 326
363 46
363 103
363 130
363 310
293 130
273 228
252 46
252 103
207 46
207 103
207 156
207 181
183 46
183 130
158 103
18 16
48 46
77 75
105 103
132 130
158 156
183 181
207 205
230 228
252 250
273 271
293 291
312 310
330 328
347 345
363 361
392 377
406 379
407 380
408 381
409 382
410 383
411 384
412 385
413 386
414 387
415 388
416 389
417 390
418 391
18 46
252 310
207 310
18 310
207 328
363 47
363 131
230 47
158 47
158 104
377 146
377 66
377 94
377 147
377 172
377 197
377 149
377 174
377 198
377 199
377 151
377 200
377 202
377 154
377 179
377 203
377 204
329 146
329 94
329 95
329 173
311 35
311 119
311 146
272 64
272 8
272 67
272 148
272 197
206 146
182 119
131 2
47 3
17 3
47 33
76 62
131 91
157 92
182 93
206 94
229 95
251 96
272 97
292 98
311 99
329 100
346 101
362 102
377 103
392 105
393 106
394 107
395 108
396 109
397 110
398 111
399 112
400 113
401 114
402 115
403 116
404 117
405 118
47 91
104 35
47 5
17 5
47 35
76 64
104 92
131 119
182 146
206 147
229 148
251 149
272 150
292 151
311 152
329 153
346 154
362 155
377 156
392 158
393 159
394 160
395 161
396 162
397 163
398 164
399 165
400 166
401 167
402 168
403 169
404 170
405 171
47 92
104 119
76 119
47 119
17 119
131 6
131 65
47 93
131 146
104 146
47 146
182 94
17 7
47 37
76 66
104 94
131 121
157 147
182 172
229 197
251 198
272 199
292 200
311 201
329 202
346 203
362 204
377 205
392 207
393 208
394 209
395 210
396 211
397 212
398 213
399 214
400 215
401 216
402 217
403 218
404 219
405 220
47 94
47 8
17 8
47 38
76 67
104 95
131 122
157 148
182 173
206 197
251 221
272 222
292 223
311 224
329 225
346 226
362 227
377 228
392 230
393 231
394 232
395 233
396 234
397 235
398 236
399 237
400 238
401 239
402 240
403 241
404 242
405 243
47 95
47 122
104 148
47 148
131 173
47 173
17 9
47 39
76 68
104 96
131 123
157 149
182 174
206 198
229 221
272 244
292 245
311 246
329 247
346 248
362 249
377 250
392 252
393 253
394 254
395 255
396 256
397 257
398 258
399 259
400 260
401 261
402 262
403 263
404 264
405 265
104 149
131 174
229 150
17 10
47 40
76 69
104 97
131 124
157 150
182 175
206 199
229 222
251 244
292 266
311 267
329 268
346 269
362 270
377 271
392 273
393 274
394 275
395 276
396 277
397 278
398 279
399 280
400 281
401 282
402 283
403 284
404 285
405 286
47 97
76 150
131 175
76 244
272 151
272 223
251 151
229 151
206 151
182 98
131 41
131 98
17 11
47 41
76 70
104 98
131 125
157 151
182 176
206 200
229 223
251 245
272 266
311 287
329 288
346 289
362 290
377 291
392 293
393 294
394 295
395 296
396 297
397 298
398 299
399 300
400 301
401 302
402 303
403 304
404 305
405 306
47 98
17 151
131 176
131 71
47 71
47 99
104 152
47 152
131 177
47 177
131 224
47 224
47 246
131 267
47 267
131 287
47 287
104 153
47 153
329 101
272 14
272 154
272 226
251 101
251 154
229 154
206 154
131 14
131 44
17 14
47 44
76 73
104 101
131 128
157 154
182 179
206 203
229 226
251 248
272 269
292 289
311 308
329 326
362 344
377 345
392 347
393 348
394 349
395 350
396 351
397 352
398 353
399 354
400 355
401 356
402 357
403 358
404 359
405 360
76 101
47 101
104 154
76 154
131 179
76 226
76 269
131 308
47 308
76 326
311 155
272 227
251 155
17 15
47 45
76 74
104 102
131 129
157 155
182 180
206 204
229 227
251 249
272 270
292 290
311 309
329 327
346 344
377 361
392 363
393 364
394 365
395 366
396 367
397 368
398 369
399 370
400 371
401 372
402 373
403 374
404 375
405 376
47 102
104 155
76 155
47 155
17 155
131 180
131 227
76 227
47 227
17 227
131 290
251 344
131 344
76 344
251 156
206 156
361 66
361 121
361 172
361 198
345 66
345 197
345 68
345 174
345 198
345 199
345 244
328 94
328 172
310 37
310 94
310 121
310 172
310 39
310 174
291 121
291 172
291 198
271 66
271 197
228 146
228 37
228 66
228 94
16 2
46 32
103 62
130 63
156 64
181 65
205 66
228 67
250 68
271 69
291 70
310 71
328 72
345 73
361 74
377 76
378 77
379 78
380 79
381 80
382 81
383 82
384 83
385 84
386 85
387 86
388 87
389 88
390 89
391 90
130 36
130 65
16 6
46 36
75 65
103 93
130 120
156 146
205 172
228 173
250 174
271 175
291 176
310 177
328 178
345 179
361 180
377 182
378 183
379 184
380 185
381 186
382 187
383 188
384 189
385 190
386 191
387 192
388 193
389 194
390 195
391 196
103 146
181 37
181 121
156 37
156 66
156 94
130 37
103 37
16 7
46 37
75 66
103 94
130 121
156 147
181 172
228 197
250 198
271 199
291 200
310 201
328 202
345 203
361 204
377 206
378 207
379 208
380 209
381 210
382 211
383 212
384 213
385 214
386 215
387 216
388 217
389 218
390 219
391 220
16 37
46 94
16 94
46 121
16 121
130 172
46 172
16 172
156 197
228 174
228 198
103 39
16 9
46 39
75 68
103 96
130 123
156 149
181 174
205 198
228 221
271 244
291 245
310 246
328 247
345 248
361 249
377 251
378 252
379 253
380 254
381 255
382 256
383 257
384 258
385 259
386 260
387 261
388 262
389 263
390 264
391 265
130 174
103 174
156 198
16 198
228 175
228 199
130 175
156 199
16 199
228 244
271 70
130 41
16 11
46 41
75 70
103 98
130 125
156 151
181 176
205 200
228 223
250 245
271 266
310 287
328 288
345 289
361 290
377 292
378 293
379 294
380 295
381 296
382 297
383 298
384 299
385 300
386 301
387 302
388 303
389 304
390 305
391 306
130 176
16 200
46 201
16 201
130 287
310 202
228 202
16 13
46 43
75 72
103 100
130 127
156 153
181 178
205 202
228 225
250 247
271 268
291 288
310 307
345 326
361 327
377 329
378 330
379 331
380 332
381 333
382 334
383 335
384 336
385 337
386 338
387 339
388 340
389 341
390 342
391 343
103 153
181 202
156 202
103 202
16 202
228 247
103 247
228 268
228 288
271 203
228 44
228 179
228 203
16 14
46 44
75 73
103 101
130 128
156 154
181 179
205 203
228 226
250 248
271 269
291 289
310 308
328 326
361 344
377 346
378 347
379 348
380 349
381 350
382 351
383 352
384 353
385 354
386 355
387 356
388 357
389 358
390 359
391 360
156 203
228 326
130 180
16 204
344 2
344 68
344 244
270 2
249 2
227 2
227 119
155 2
102 2
45 1
74 2
102 3
129 4
155 5
180 6
204 7
227 8
249 9
270 10
290 11
309 12
327 13
344 14
361 16
362 17
363 18
364 19
365 20
366 21
367 22
368 23
369 24
370 25
371 26
372 27
373 28
374 29
375 30
376 31
15 2
45 32
102 62
129 63
155 64
180 65
204 66
227 67
249 68
270 69
290 70
309 71
327 72
344 73
361 75
362 76
363 77
364 78
365 79
366 80
367 81
368 82
369 83
370 84
371 85
372 86
373 87
374 88
375 89
376 90
45 4
15 4
45 34
74 63
102 91
155 119
180 120
204 121
227 122
249 123
270 124
290 125
309 126
327 127
344 128
361 130
362 131
363 132
364 133
365 134
366 135
367 136
368 137
369 138
370 139
371 140
372 141
373 142
374 143
375 144
376 145
45 91
102 119
45 119
15 6
45 36
74 65
102 93
129 120
155 146
204 172
227 173
249 174
270 175
290 176
309 177
327 178
344 179
361 181
362 182
363 183
364 184
365 185
366 186
367 187
368 188
369 189
370 190
371 191
372 192
373 193
374 194
375 195
376 196
102 146
180 121
15 9
45 39
74 68
102 96
129 123
155 149
180 174
204 198
227 221
270 244
290 245
309 246
327 247
344 248
361 250
362 251
363 252
364 253
365 254
366 255
367 256
368 257
369 258
370 259
371 260
372 261
373 262
374 263
375 264
376 265
227 244
15 12
45 42
74 71
102 99
129 126
155 152
180 177
204 201
227 224
249 246
270 267
290 287
327 307
344 308
361 310
362 311
363 312
364 313
365 314
366 315
367 316
368 317
369 318
370 319
371 320
372 321
373 322
374 323
375 324
376 325
45 126
227 267
45 267
180 127
227 14
326 62
326 65
326 67
326 173
308 119
308 122
308 39
308 123
289 244
269 67
179 119
128 2
44 2
14 2
44 32
101 62
128 63
154 64
179 65
203 66
226 67
248 68
269 69
289 70
308 71
326 72
344 74
345 75
346 76
347 77
348 78
349 79
350 80
351 81
352 82
353 83
354 84
355 85
356 86
357 87
358 88
359 89
360 90
44 62
44 91
101 64
14 5
44 35
73 64
101 92
128 119
179 146
203 147
226 148
248 149
269 150
289 151
308 152
326 153
344 155
345 156
346 157
347 158
348 159
349 160
350 161
351 162
352 163
353 164
354 165
355 166
356 167
357 168
358 169
359 170
360 171
101 119
44 119
14 119
128 65
44 65
101 146
44 146
14 7
44 37
73 66
101 94
128 121
154 147
179 172
226 197
248 198
269 199
289 200
308 201
326 202
344 204
345 205
346 206
347 207
348 208
349 209
350 210
351 211
352 212
353 213
354 214
355 215
356 216
357 217
358 218
359 219
360 220
179 122
14 8
44 38
73 67
101 95
128 122
154 148
179 173
203 197
248 221
269 222
289 223
308 224
326 225
344 227
345 228
346 229
347 230
348 231
349 232
350 233
351 234
352 235
353 236
354 237
355 238
356 239
357 240
358 241
359 242
360 243
44 67
44 95
44 122
128 173
44 173
154 197
14 197
179 123
14 9
44 39
73 68
101 96
128 123
154 149
179 174
203 198
226 221
269 244
289 245
308 246
326 247
344 249
345 250
346 251
347 252
348 253
349 254
350 255
351 256
352 257
353 258
354 259
355 260
356 261
357 262
358 263
359 264
360 265
44 123
101 149
128 174
44 174
154 221
101 221
44 221
226 150
14 10
44 40
73 69
101 97
128 124
154 150
179 175
203 199
226 222
248 244
289 266
308 267
326 268
344 270
345 271
346 272
347 273
348 274
349 275
350 276
351 277
352 278
353 279
354 280
355 281
356 282
357 283
358 284
359 285
360 286
44 97
44 124
128 175
44 175
226 244
154 244
101 244
73 244
44 244
14 244
128 70
14 11
44 41
73 70
101 98
128 125
154 151
179 176
203 200
226 223
248 245
269 266
308 287
326 288
344 290
345 291
346 292
347 293
348 294
349 295
350 296
351 297
352 298
353 299
354 300
355 301
356 302
357 303
358 304
359 305
360 306
128 71
44 71
44 224
44 246
44 267
14 267
101 153
101 247
288 175
247 62
247 94
153 62
127 32
13 1
72 32
100 33
127 34
153 35
178 36
202 37
225 38
247 39
268 40
288 41
307 42
326 44
327 45
328 46
329 47
330 48
331 49
332 50
333 51
334 52
335 53
336 54
337 55
338 56
339 57
340 58
341 59
342 60
343 61
13 2
43 32
100 62
127 63
153 64
178 65
202 66
225 67
247 68
268 69
288 70
307 71
326 73
327 74
328 75
329 76
330 77
331 78
332 79
333 80
334 81
335 82
336 83
337 84
338 85
339 86
340 87
341 88
342 89
343 90
13 3
43 33
72 62
127 91
153 92
178 93
202 94
225 95
247 96
268 97
288 98
307 99
326 101
327 102
328 103
329 104
330 105
331 106
332 107
333 108
334 109
335 110
336 111
337 112
338 113
339 114
340 115
341 116
342 117
343 118
43 91
127 36
127 65
13 6
43 36
72 65
100 93
127 120
153 146
202 172
225 173
247 174
268 175
288 176
307 177
326 179
327 180
328 181
329 182
330 183
331 184
332 185
333 186
334 187
335 188
336 189
337 190
338 191
339 192
340 193
341 194
342 195
343 196
153 94
153 95
13 8
43 38
72 67
100 95
127 122
153 148
178 173
202 197
247 221
268 222
288 223
307 224
326 226
327 227
328 228
329 229
330 230
331 231
332 232
333 233
334 234
335 235
336 236
337 237
338 238
339 239
340 240
341 241
342 242
343 243
225 97
153 97
127 175
13 12
43 42
72 71
100 99
127 126
153 152
178 177
202 201
225 224
247 246
268 267
288 287
326 308
327 309
328 310
329 311
330 312
331 313
332 314
333 315
334 316
335 317
336 318
337 319
338 320
339 321
340 322
341 323
342 324
343 325
127 177
287 4
287 119
287 6
287 37
287 121
287 122
287 123
267 1
267 2
267 32
267 35
267 119
267 37
267 8
267 38
267 122
267 173
246 119
224 35
224 119
177 34
177 91
177 119
42 1
71 2
99 3
126 4
152 5
177 6
201 7
224 8
246 9
267 10
287 11
307 13
308 14
309 15
310 16
311 17
312 18
313 19
314 20
315 21
316 22
317 23
318 24
319 25
320 26
321 27
322 28
323 29
324 30
325 31
12 1
71 32
99 33
126 34
152 35
177 36
201 37
224 38
246 39
267 40
287 41
307 43
308 44
309 45
310 46
311 47
312 48
313 49
314 50
315 51
316 52
317 53
318 54
319 55
320 56
321 57
322 58
323 59
324 60
325 61
12 3
42 33
71 62
126 91
152 92
177 93
201 94
224 95
246 96
267 97
287 98
307 100
308 101
309 102
310 103
311 104
312 105
313 106
314 107
315 108
316 109
317 110
318 111
319 112
320 113
321 114
322 115
323 116
324 117
325 118
12 4
42 34
71 63
99 91
152 119
177 120
201 121
224 122
246 123
267 124
287 125
307 127
308 128
309 129
310 130
311 131
312 132
313 133
314 134
315 135
316 136
317 137
318 138
319 139
320 140
321 141
322 142
323 143
324 144
325 145
71 91
99 35
99 119
71 119
126 36
12 6
42 36
71 65
99 93
126 120
152 146
201 172
224 173
246 174
267 175
287 176
307 178
308 179
309 180
310 181
311 182
312 183
313 184
314 185
315 186
316 187
317 188
318 189
319 190
320 191
321 192
322 193
323 194
324 195
325 196
152 94
71 122
224 39
99 39
71 39
71 123
267 41
41 1
70 2
98 3
125 4
151 5
176 6
200 7
223 8
245 9
266 10
287 12
288 13
289 14
290 15
291 16
292 17
293 18
294 19
295 20
296 21
297 22
298 23
299 24
300 25
301 26
302 27
303 28
304 29
305 30
306 31
41 4
11 4
41 34
70 63
98 91
151 119
176 120
200 121
223 122
245 123
266 124
287 126
288 127
289 128
290 129
291 130
292 131
293 132
294 133
295 134
296 135
297 136
298 137
299 138
300 139
301 140
302 141
303 142
304 143
305 144
306 145
41 91
98 119
41 119
11 6
41 36
70 65
98 93
125 120
151 146
200 172
223 173
245 174
266 175
287 177
288 178
289 179
290 180
291 181
292 182
293 183
294 184
295 185
296 186
297 187
298 188
299 189
300 190
301 191
302 192
303 193
304 194
305 195
306 196
98 146
176 121
11 7
41 37
70 66
98 94
125 121
151 147
176 172
223 197
245 198
266 199
287 201
288 202
289 203
290 204
291 205
292 206
293 207
294 208
295 209
296 210
297 211
298 212
299 213
300 214
301 215
302 216
303 217
304 218
305 219
306 220
41 121
11 8
41 38
70 67
98 95
125 122
151 148
176 173
200 197
245 221
266 222
287 224
288 225
289 226
290 227
291 228
292 229
293 230
294 231
295 232
296 233
297 234
298 235
299 236
300 237
301 238
302 239
303 240
304 241
305 242
306 243
41 122
98 173
151 197
11 9
41 39
70 68
98 96
125 123
151 149
176 174
200 198
223 221
266 244
287 246
288 247
289 248
290 249
291 250
292 251
293 252
294 253
295 254
296 255
297 256
298 257
299 258
300 259
301 260
302 261
303 262
304 263
305 264
306 265
41 123
98 174
11 10
41 40
70 69
98 97
125 124
151 150
176 175
200 199
223 222
245 244
287 267
288 268
289 269
290 270
291 271
292 272
293 273
294 274
295 275
296 276
297 277
298 278
299 279
300 280
301 281
302 282
303 283
304 284
305 285
306 286
70 124
41 124
41 175
223 244
70 244
244 2
244 64
244 8
244 67
244 197
175 2
175 119
124 2
124 32
97 2
40 1
69 2
97 3
124 4
150 5
175 6
199 7
222 8
244 9
266 11
267 12
268 13
269 14
270 15
271 16
272 17
273 18
274 19
275 20
276 21
277 22
278 23
279 24
280 25
281 26
282 27
283 28
284 29
285 30
286 31
10 2
40 32
97 62
124 63
150 64
175 65
199 66
222 67
244 68
266 70
267 71
268 72
269 73
270 74
271 75
272 76
273 77
274 78
275 79
276 80
277 81
278 82
279 83
280 84
281 85
282 86
283 87
284 88
285 89
286 90
97 35
97 64
10 5
40 35
69 64
97 92
124 119
175 146
199 147
222 148
244 149
266 151
267 152
268 153
269 154
270 155
271 156
272 157
273 158
274 159
275 160
276 161
277 162
278 163
279 164
280 165
281 166
282 167
283 168
284 169
285 170
286 171
97 119
40 119
97 146
175 121
175 122
150 8
150 67
150 95
97 8
97 38
97 67
10 8
40 38
69 67
97 95
124 122
150 148
175 173
199 197
244 221
266 223
267 224
268 225
269 226
270 227
271 228
272 229
273 230
274 231
275 232
276 233
277 234
278 235
279 236
280 237
281 238
282 239
283 240
284 241
285 242
286 243
40 122
97 148
97 173
150 197
174 91
174 119
123 2
9 2
39 32
96 62
123 63
149 64
174 65
198 66
221 67
244 69
245 70
246 71
247 72
248 73
249 74
250 75
251 76
252 77
253 78
254 79
255 80
256 81
257 82
258 83
259 84
260 85
261 86
262 87
263 88
264 89
265 90
9 3
39 33
68 62
123 91
149 92
174 93
198 94
221 95
244 97
245 98
246 99
247 100
248 101
249 102
250 103
251 104
252 105
253 106
254 107
255 108
256 109
257 110
258 111
259 112
260 113
261 114
262 115
263 116
264 117
265 118
39 91
9 5
39 35
68 64
96 92
123 119
174 146
198 147
221 148
244 150
245 151
246 152
247 153
248 154
249 155
250 156
251 157
252 158
253 159
254 160
255 161
256 162
257 163
258 164
259 165
260 166
261 167
262 168
263 169
264 170
265 171
39 119
123 65
174 94
149 94
9 7
39 37
68 66
96 94
123 121
149 147
174 172
221 197
244 199
245 200
246 201
247 202
248 203
249 204
250 205
251 206
252 207
253 208
254 209
255 210
256 211
257 212
258 213
259 214
260 215
261 216
262 217
263 218
264 219
265 220
9 8
39 38
68 67
96 95
123 122
149 148
174 173
198 197
244 222
245 223
246 224
247 225
248 226
249 227
250 228
251 229
252 230
253 231
254 232
255 233
256 234
257 235
258 236
259 237
260 238
261 239
262 240
263 241
264 242
265 243
197 146
173 91
173 119
122 2
122 32
8 1
67 32
95 33
122 34
148 35
173 36
197 37
221 39
222 40
223 41
224 42
225 43
226 44
227 45
228 46
229 47
230 48
231 49
232 50
233 51
234 52
235 53
236 54
237 55
238 56
239 57
240 58
241 59
242 60
243 61
8 2
38 32
95 62
122 63
148 64
173 65
197 66
221 68
222 69
223 70
224 71
225 72
226 73
227 74
228 75
229 76
230 77
231 78
232 79
233 80
234 81
235 82
236 83
237 84
238 85
239 86
240 87
241 88
242 89
243 90
8 3
38 33
67 62
122 91
148 92
173 93
197 94
221 96
222 97
223 98
224 99
225 100
226 101
227 102
228 103
229 104
230 105
231 106
232 107
233 108
234 109
235 110
236 111
237 112
238 113
239 114
240 115
241 116
242 117
243 118
95 35
8 5
38 35
67 64
95 92
122 119
173 146
197 147
221 149
222 150
223 151
224 152
225 153
226 154
227 155
228 156
229 157
230 158
231 159
232 160
233 161
234 162
235 163
236 164
237 165
238 166
239 167
240 168
241 169
242 170
243 171
95 119
38 119
8 119
122 65
95 146
37 1
66 2
94 3
121 4
147 5
172 6
197 8
198 9
199 10
200 11
201 12
202 13
203 14
204 15
205 16
206 17
207 18
208 19
209 20
210 21
211 22
212 23
213 24
214 25
215 26
216 27
217 28
218 29
219 30
220 31
94 5
94 35
7 5
37 35
66 64
94 92
121 119
172 146
197 148
198 149
199 150
200 151
201 152
202 153
203 154
204 155
205 156
206 157
207 158
208 159
209 160
210 161
211 162
212 163
213 164
214 165
215 166
216 167
217 168
218 169
219 170
220 171
94 119
37 119
121 6
7 6
37 36
66 65
94 93
121 120
147 146
197 173
198 174
199 175
200 176
201 177
202 178
203 179
204 180
205 181
206 182
207 183
208 184
209 185
210 186
211 187
212 188
213 189
214 190
215 191
216 192
217 193
218 194
219 195
220 196
94 146
146 91
6 1
65 32
93 33
120 34
146 35
172 37
173 38
174 39
175 40
176 41
177 42
178 43
179 44
180 45
181 46
182 47
183 48
184 49
185 50
186 51
187 52
188 53
189 54
190 55
191 56
192 57
193 58
194 59
195 60
196 61
6 3
36 33
65 62
120 91
146 92
172 94
173 95
174 96
175 97
176 98
177 99
178 100
179 101
180 102
181 103
182 104
183 105
184 106
185 107
186 108
187 109
188 110
189 111
190 112
191 113
192 114
193 115
194 116
195 117
196 118
6 4
36 34
65 63
93 91
146 119
172 121
173 122
174 123
175 124
176 125
177 126
178 127
179 128
180 129
181 130
182 131
183 132
184 133
185 134
186 135
187 136
188 137
189 138
190 139
191 140
192 141
193 142
194 143
195 144
196 145
65 91
36 91
6 91
93 119
65 119
6 119
119 2
119 32
119 3
119 62
35 3
5 3
35 33
64 62
119 91
146 93
147 94
148 95
149 96
150 97
151 98
152 99
153 100
154 101
155 102
156 103
157 104
158 105
159 106
160 107
161 108
162 109
163 110
164 111
165 112
166 113
167 114
168 115
169 116
170 117
171 118
91 32
34 1
63 2
91 3
119 5
120 6
121 7
122 8
123 9
124 10
125 11
126 12
127 13
128 14
129 15
130 16
131 17
132 18
133 19
134 20
135 21
136 22
137 23
138 24
139 25
140 26
141 27
142 28
143 29
144 30
145 31
4 1
63 32
91 33
119 35
120 36
121 37
122 38
123 39
124 40
125 41
126 42
127 43
128 44
129 45
130 46
131 47
132 48
133 49
134 50
135 51
136 52
137 53
138 54
139 55
140 56
141 57
142 58
143 59
144 60
145 61
4 2
34 32
91 62
119 64
120 65
121 66
122 67
123 68
124 69
125 70
126 71
127 72
128 73
129 74
130 75
131 76
132 77
133 78
134 79
135 80
136 81
137 82
138 83
139 84
140 85
141 86
142 87
143 88
144 89
145 90
3 1
62 32
91 34
92 35
93 36
94 37
95 38
96 39
97 40
98 41
99 42
100 43
101 44
102 45
103 46
104 47
105 48
106 49
107 50
108 51
109 52
110 53
111 54
112 55
113 56
114 57
115 58
116 59
117 60
118 61
32 2
33 3
34 4
35 5
36 6
37 7
38 8
39 9
40 10
41 11
42 12
43 13
44 14
45 15
46 16
47 17
48 18
49 19
50 20
51 21
52 22
53 23
54 24
55 25
56 26
57 27
58 28
59 29
60 30
61 31
