1 1
2 1
3 1
4 1
5 1
6 1
7 1
8 1
9 1
10 1
11 1
12 1
13 1
14 1
15 1
16 1
17 1
18 1
19 1
20 1
21 1
22 1
23 1
24 1
25 1
26 1
27 1
28 1
29 1
30 1
31 1
32 1
33 1
34 1
35 1
36 1
37 1
38 1
39 1
40 1
41 1
42 1
43 1
44 1
45 1
46 1
47 1
48 1
49 1
50 1
51 1
52 1
53 1
54 1
55 1
56 1
57 1
58 1
59 1
60 1
61 1
62 1
63 1
64 1
65 1
66 1
67 1
68 1
69 1
70 1
71 1
72 1
73 1
74 1
75 1
76 1
77 1
78 1
79 1
80 1
81 1
82 1
83 1
84 1
85 1
86 1
87 1
88 1
89 1
90 1
91 1
92 1
93 1
94 1
95 1
96 1
97 1
98 1
99 1
100 1
101 1
102 1
103 1
104 1
105 1
106 1
107 1
108 1
109 1
110 1
111 1
112 1
113 1
114 1
115 1
116 1
117 1
118 1
119 1
120 1
121 1
122 1
123 1
124 1
125 1
126 1
101 1
107 2
110 3
111 4
117 7
120 8
121 9
124 12
125 13
126 16
81 1
87 2
90 3
91 4
117 22
120 23
121 24
124 27
125 28
126 31
46 1
52 2
55 3
56 4
117 57
120 58
121 59
124 62
125 63
126 66
71 1
87 7
90 8
91 9
107 22
110 23
111 24
124 37
125 38
126 41
36 1
52 7
55 8
56 9
107 57
110 58
111 59
124 72
125 73
126 76
21 1
52 22
55 23
56 24
87 57
90 58
91 59
124 92
125 93
126 96
71 2
81 7
90 12
91 13
101 22
110 27
111 28
120 37
121 38
126 47
36 2
46 7
55 12
56 13
101 57
110 62
111 63
120 72
121 73
126 82
21 2
46 22
55 27
56 28
81 57
90 62
91 63
120 92
121 93
126 102
21 7
36 22
55 37
56 38
71 57
90 72
91 73
110 92
111 93
126 112
71 3
81 8
87 12
91 16
101 23
107 27
111 31
117 37
121 41
125 47
36 3
46 8
52 12
56 16
101 58
107 62
111 66
117 72
121 76
125 82
21 3
46 23
52 27
56 31
81 58
87 62
91 66
117 92
121 96
125 102
21 8
36 23
52 37
56 41
71 58
87 72
91 76
107 92
111 96
125 112
21 12
36 27
46 37
56 47
71 62
81 72
91 82
101 92
111 102
121 112
71 4
81 9
87 13
90 16
101 24
107 28
110 31
117 38
120 41
124 47
36 4
46 9
52 13
55 16
101 59
107 63
110 66
117 73
120 76
124 82
21 4
46 24
52 28
55 31
81 59
87 63
90 66
117 93
120 96
124 102
21 9
36 24
52 38
55 41
71 59
87 73
90 76
107 93
110 96
124 112
21 13
36 28
46 38
55 47
71 63
81 73
90 82
101 93
110 102
120 112
21 16
36 31
46 41
52 47
71 66
81 76
87 82
101 96
107 102
117 112
100 1
106 2
109 3
111 5
116 7
119 8
121 10
123 12
125 14
126 17
80 1
86 2
89 3
91 5
116 22
119 23
121 25
123 27
125 29
126 32
45 1
51 2
54 3
56 5
116 57
119 58
121 60
123 62
125 64
126 67
70 1
86 7
89 8
91 10
106 22
109 23
111 25
123 37
125 39
126 42
35 1
51 7
54 8
56 10
106 57
109 58
111 60
123 72
125 74
126 77
20 1
51 22
54 23
56 25
86 57
89 58
91 60
123 92
125 94
126 97
70 2
80 7
89 12
91 14
100 22
109 27
111 29
119 37
121 39
126 48
35 2
45 7
54 12
56 14
100 57
109 62
111 64
119 72
121 74
126 83
20 2
45 22
54 27
56 29
80 57
89 62
91 64
119 92
121 94
126 103
20 7
35 22
54 37
56 39
70 57
89 72
91 74
109 92
111 94
126 113
70 3
80 8
86 12
91 17
100 23
106 27
111 32
116 37
121 42
125 48
35 3
45 8
51 12
56 17
100 58
106 62
111 67
116 72
121 77
125 83
20 3
45 23
51 27
56 32
80 58
86 62
91 67
116 92
121 97
125 103
20 8
35 23
51 37
56 42
70 58
86 72
91 77
106 92
111 97
125 113
20 12
35 27
45 37
56 48
70 62
80 72
91 83
100 92
111 103
121 113
98 1
104 2
109 4
110 5
114 7
119 9
120 10
123 13
124 14
126 19
78 1
84 2
89 4
90 5
114 22
119 24
120 25
123 28
124 29
126 34
43 1
49 2
54 4
55 5
114 57
119 59
120 60
123 63
124 64
126 69
68 1
84 7
89 9
90 10
104 22
109 24
110 25
123 38
124 39
126 44
33 1
49 7
54 9
55 10
104 57
109 59
110 60
123 73
124 74
126 79
18 1
49 22
54 24
55 25
84 57
89 59
90 60
123 93
124 94
126 99
68 2
78 7
89 13
90 14
98 22
109 28
110 29
119 38
120 39
126 50
33 2
43 7
54 13
55 14
98 57
109 63
110 64
119 73
120 74
126 85
18 2
43 22
54 28
55 29
78 57
89 63
90 64
119 93
120 94
126 105
18 7
33 22
54 38
55 39
68 57
89 73
90 74
109 93
110 94
126 115
95 1
104 3
106 4
107 5
114 8
116 9
117 10
123 16
124 17
125 19
75 1
84 3
86 4
87 5
114 23
116 24
117 25
123 31
124 32
125 34
40 1
49 3
51 4
52 5
114 58
116 59
117 60
123 66
124 67
125 69
65 1
84 8
86 9
87 10
104 23
106 24
107 25
123 41
124 42
125 44
30 1
49 8
51 9
52 10
104 58
106 59
107 60
123 76
124 77
125 79
15 1
49 23
51 24
52 25
84 58
86 59
87 60
123 96
124 97
125 99
95 2
98 3
100 4
101 5
114 12
116 13
117 14
119 16
120 17
121 19
75 2
78 3
80 4
81 5
114 27
116 28
117 29
119 31
120 32
121 34
40 2
43 3
45 4
46 5
114 62
116 63
117 64
119 66
120 67
121 69
95 7
98 8
100 9
101 10
104 12
106 13
107 14
109 16
110 17
111 19
61 1
65 2
68 3
70 4
71 5
75 7
78 8
80 9
81 10
84 12
86 13
87 14
89 16
90 17
91 19
95 22
98 23
100 24
101 25
104 27
106 28
107 29
109 31
110 32
111 34
114 37
116 38
117 39
119 41
120 42
121 44
123 47
124 48
125 50
126 53
26 1
30 2
33 3
35 4
36 5
40 7
43 8
45 9
46 10
49 12
51 13
52 14
54 16
55 17
56 19
95 57
98 58
100 59
101 60
104 62
106 63
107 64
109 66
110 67
111 69
114 72
116 73
117 74
119 76
120 77
121 79
123 82
124 83
125 85
126 88
75 22
78 23
80 24
81 25
84 27
86 28
87 29
89 31
90 32
91 34
11 1
15 2
18 3
20 4
21 5
40 22
43 23
45 24
46 25
49 27
51 28
52 29
54 31
55 32
56 34
75 57
78 58
80 59
81 60
84 62
86 63
87 64
89 66
90 67
91 69
114 92
116 93
117 94
119 96
120 97
121 99
123 102
124 103
125 105
126 108
40 57
43 58
45 59
46 60
49 62
51 63
52 64
54 66
55 67
56 69
65 7
68 8
70 9
71 10
104 37
106 38
107 39
109 41
110 42
111 44
30 7
33 8
35 9
36 10
104 72
106 73
107 74
109 76
110 77
111 79
65 22
68 23
70 24
71 25
84 37
86 38
87 39
89 41
90 42
91 44
6 1
15 7
18 8
20 9
21 10
30 22
33 23
35 24
36 25
49 37
51 38
52 39
54 41
55 42
56 44
65 57
68 58
70 59
71 60
84 72
86 73
87 74
89 76
90 77
91 79
104 92
106 93
107 94
109 96
110 97
111 99
123 112
124 113
125 115
126 118
30 57
33 58
35 59
36 60
49 72
51 73
52 74
54 76
55 77
56 79
15 22
18 23
20 24
21 25
84 92
86 93
87 94
89 96
90 97
91 99
15 57
18 58
20 59
21 60
49 92
51 93
52 94
54 96
55 97
56 99
61 2
78 12
80 13
81 14
98 27
100 28
101 29
119 47
120 48
121 50
26 2
43 12
45 13
46 14
98 62
100 63
101 64
119 82
120 83
121 85
11 2
43 27
45 28
46 29
78 62
80 63
81 64
119 102
120 103
121 105
61 7
68 12
70 13
71 14
98 37
100 38
101 39
109 47
110 48
111 50
26 7
33 12
35 13
36 14
98 72
100 73
101 74
109 82
110 83
111 85
61 22
68 27
70 28
71 29
78 37
80 38
81 39
89 47
90 48
91 50
6 2
11 7
18 12
20 13
21 14
26 22
33 27
35 28
36 29
43 37
45 38
46 39
54 47
55 48
56 50
61 57
68 62
70 63
71 64
78 72
80 73
81 74
89 82
90 83
91 85
98 92
100 93
101 94
109 102
110 103
111 105
119 112
120 113
121 115
126 122
26 57
33 62
35 63
36 64
43 72
45 73
46 74
54 82
55 83
56 85
11 22
18 27
20 28
21 29
78 92
80 93
81 94
89 102
90 103
91 105
11 57
18 62
20 63
21 64
43 92
45 93
46 94
54 102
55 103
56 105
6 7
33 37
35 38
36 39
68 72
70 73
71 74
109 112
110 113
111 115
6 22
18 37
20 38
21 39
68 92
70 93
71 94
89 112
90 113
91 115
6 57
18 72
20 73
21 74
33 92
35 93
36 94
54 112
55 113
56 115
65 3
75 8
86 16
87 17
95 23
106 31
107 32
116 41
117 42
125 53
30 3
40 8
51 16
52 17
95 58
106 66
107 67
116 76
117 77
125 88
15 3
40 23
51 31
52 32
75 58
86 66
87 67
116 96
117 97
125 108
15 8
30 23
51 41
52 42
65 58
86 76
87 77
106 96
107 97
125 118
61 3
75 12
80 16
81 17
95 27
100 31
101 32
116 47
117 48
121 53
26 3
40 12
45 16
46 17
95 62
100 66
101 67
116 82
117 83
121 88
11 3
40 27
45 31
46 32
75 62
80 66
81 67
116 102
117 103
121 108
61 8
65 12
70 16
71 17
95 37
100 41
101 42
106 47
107 48
111 53
26 8
30 12
35 16
36 17
95 72
100 76
101 77
106 82
107 83
111 88
61 23
65 27
70 31
71 32
75 37
80 41
81 42
86 47
87 48
91 53
6 3
11 8
15 12
20 16
21 17
26 23
30 27
35 31
36 32
40 37
45 41
46 42
51 47
52 48
56 53
61 58
65 62
70 66
71 67
75 72
80 76
81 77
86 82
87 83
91 88
95 92
100 96
101 97
106 102
107 103
111 108
116 112
117 113
121 118
125 122
26 58
30 62
35 66
36 67
40 72
45 76
46 77
51 82
52 83
56 88
11 23
15 27
20 31
21 32
75 92
80 96
81 97
86 102
87 103
91 108
11 58
15 62
20 66
21 67
40 92
45 96
46 97
51 102
52 103
56 108
6 8
30 37
35 41
36 42
65 72
70 76
71 77
106 112
107 113
111 118
6 23
15 37
20 41
21 42
65 92
70 96
71 97
86 112
87 113
91 118
6 58
15 72
20 76
21 77
30 92
35 96
36 97
51 112
52 113
56 118
11 12
26 27
45 47
46 48
61 62
80 82
81 83
100 102
101 103
121 122
6 12
26 37
35 47
36 48
61 72
70 82
71 83
100 112
101 113
111 122
6 27
11 37
20 47
21 48
61 92
70 102
71 103
80 112
81 113
91 122
6 62
11 72
20 82
21 83
26 92
35 102
36 103
45 112
46 113
56 122
68 4
78 9
84 13
90 19
98 24
104 28
110 34
114 38
120 44
124 50
33 4
43 9
49 13
55 19
98 59
104 63
110 69
114 73
120 79
124 85
18 4
43 24
49 28
55 34
78 59
84 63
90 69
114 93
120 99
124 105
18 9
33 24
49 38
55 44
68 59
84 73
90 79
104 93
110 99
124 115
18 13
33 28
43 38
55 50
68 63
78 73
90 85
98 93
110 105
120 115
65 4
75 9
84 16
87 19
95 24
104 31
107 34
114 41
117 44
124 53
30 4
40 9
49 16
52 19
95 59
104 66
107 69
114 76
117 79
124 88
15 4
40 24
49 31
52 34
75 59
84 66
87 69
114 96
117 99
124 108
15 9
30 24
49 41
52 44
65 59
84 76
87 79
104 96
107 99
124 118
61 4
75 13
78 16
81 19
95 28
98 31
101 34
114 47
117 50
120 53
26 4
40 13
43 16
46 19
95 63
98 66
101 69
114 82
117 85
120 88
11 4
40 28
43 31
46 34
75 63
78 66
81 69
114 102
117 105
120 108
61 9
65 13
68 16
71 19
95 38
98 41
101 44
104 47
107 50
110 53
26 9
30 13
33 16
36 19
95 73
98 76
101 79
104 82
107 85
110 88
61 24
65 28
68 31
71 34
75 38
78 41
81 44
84 47
87 50
90 53
6 4
11 9
15 13
18 16
21 19
26 24
30 28
33 31
36 34
40 38
43 41
46 44
49 47
52 50
55 53
61 59
65 63
68 66
71 69
75 73
78 76
81 79
84 82
87 85
90 88
95 93
98 96
101 99
104 102
107 105
110 108
114 112
117 115
120 118
124 122
26 59
30 63
33 66
36 69
40 73
43 76
46 79
49 82
52 85
55 88
11 24
15 28
18 31
21 34
75 93
78 96
81 99
84 102
87 105
90 108
11 59
15 63
18 66
21 69
40 93
43 96
46 99
49 102
52 105
55 108
6 9
30 38
33 41
36 44
65 73
68 76
71 79
104 112
107 115
110 118
6 24
15 38
18 41
21 44
65 93
68 96
71 99
84 112
87 115
90 118
6 59
15 73
18 76
21 79
30 93
33 96
36 99
49 112
52 115
55 118
11 13
26 28
43 47
46 50
61 63
78 82
81 85
98 102
101 105
120 122
6 13
26 38
33 47
36 50
61 73
68 82
71 85
98 112
101 115
110 122
6 28
11 38
18 47
21 50
61 93
68 102
71 105
78 112
81 115
90 122
6 63
11 73
18 82
21 85
26 93
33 102
36 105
43 112
46 115
55 122
15 16
30 31
40 41
52 53
65 66
75 76
87 88
95 96
107 108
117 118
11 16
26 31
40 47
46 53
61 66
75 82
81 88
95 102
101 108
117 122
6 16
26 41
30 47
36 53
61 76
65 82
71 88
95 112
101 118
107 122
6 31
11 41
15 47
21 53
61 96
65 102
71 108
75 112
81 118
87 122
6 66
11 76
15 82
21 88
26 96
30 102
36 108
40 112
46 118
52 122
70 5
80 10
86 14
89 17
100 25
106 29
109 32
116 39
119 42
123 48
35 5
45 10
51 14
54 17
100 60
106 64
109 67
116 74
119 77
123 83
20 5
45 25
51 29
54 32
80 60
86 64
89 67
116 94
119 97
123 103
20 10
35 25
51 39
54 42
70 60
86 74
89 77
106 94
109 97
123 113
20 14
35 29
45 39
54 48
70 64
80 74
89 83
100 94
109 103
119 113
20 17
35 32
45 42
51 48
70 67
80 77
86 83
100 97
106 103
116 113
68 5
78 10
84 14
89 19
98 25
104 29
109 34
114 39
119 44
123 50
33 5
43 10
49 14
54 19
98 60
104 64
109 69
114 74
119 79
123 85
18 5
43 25
49 29
54 34
78 60
84 64
89 69
114 94
119 99
123 105
18 10
33 25
49 39
54 44
68 60
84 74
89 79
104 94
109 99
123 115
18 14
33 29
43 39
54 50
68 64
78 74
89 85
98 94
109 105
119 115
65 5
75 10
84 17
86 19
95 25
104 32
106 34
114 42
116 44
123 53
30 5
40 10
49 17
51 19
95 60
104 67
106 69
114 77
116 79
123 88
15 5
40 25
49 32
51 34
75 60
84 67
86 69
114 97
116 99
123 108
15 10
30 25
49 42
51 44
65 60
84 77
86 79
104 97
106 99
123 118
61 5
75 14
78 17
80 19
95 29
98 32
100 34
114 48
116 50
119 53
26 5
40 14
43 17
45 19
95 64
98 67
100 69
114 83
116 85
119 88
11 5
40 29
43 32
45 34
75 64
78 67
80 69
114 103
116 105
119 108
61 10
65 14
68 17
70 19
95 39
98 42
100 44
104 48
106 50
109 53
26 10
30 14
33 17
35 19
95 74
98 77
100 79
104 83
106 85
109 88
61 25
65 29
68 32
70 34
75 39
78 42
80 44
84 48
86 50
89 53
6 5
11 10
15 14
18 17
20 19
26 25
30 29
33 32
35 34
40 39
43 42
45 44
49 48
51 50
54 53
61 60
65 64
68 67
70 69
75 74
78 77
80 79
84 83
86 85
89 88
95 94
98 97
100 99
104 103
106 105
109 108
114 113
116 115
119 118
123 122
26 60
30 64
33 67
35 69
40 74
43 77
45 79
49 83
51 85
54 88
11 25
15 29
18 32
20 34
75 94
78 97
80 99
84 103
86 105
89 108
11 60
15 64
18 67
20 69
40 94
43 97
45 99
49 103
51 105
54 108
6 10
30 39
33 42
35 44
65 74
68 77
70 79
104 113
106 115
109 118
6 25
15 39
18 42
20 44
65 94
68 97
70 99
84 113
86 115
89 118
6 60
15 74
18 77
20 79
30 94
33 97
35 99
49 113
51 115
54 118
11 14
26 29
43 48
45 50
61 64
78 83
80 85
98 103
100 105
119 122
6 14
26 39
33 48
35 50
61 74
68 83
70 85
98 113
100 115
109 122
6 29
11 39
18 48
20 50
61 94
68 103
70 105
78 113
80 115
89 122
6 64
11 74
18 83
20 85
26 94
33 103
35 105
43 113
45 115
54 122
15 17
30 32
40 42
51 53
65 67
75 77
86 88
95 97
106 108
116 118
11 17
26 32
40 48
45 53
61 67
75 83
80 88
95 103
100 108
116 122
6 17
26 42
30 48
35 53
61 77
65 83
70 88
95 113
100 118
106 122
6 32
11 42
15 48
20 53
61 97
65 103
70 108
75 113
80 118
86 122
6 67
11 77
15 83
20 88
26 97
30 103
35 108
40 113
45 118
51 122
18 19
33 34
43 44
49 50
68 69
78 79
84 85
98 99
104 105
114 115
15 19
30 34
40 44
49 53
65 69
75 79
84 88
95 99
104 108
114 118
11 19
26 34
40 50
43 53
61 69
75 85
78 88
95 105
98 108
114 122
6 19
26 44
30 50
33 53
61 79
65 85
68 88
95 115
98 118
104 122
6 34
11 44
15 50
18 53
61 99
65 105
68 108
75 115
78 118
84 122
6 69
11 79
15 85
18 88
26 99
30 105
33 108
40 115
43 118
49 122
99 1
105 2
108 3
111 6
115 7
118 8
121 11
122 12
125 15
126 18
79 1
85 2
88 3
91 6
115 22
118 23
121 26
122 27
125 30
126 33
44 1
50 2
53 3
56 6
115 57
118 58
121 61
122 62
125 65
126 68
69 1
85 7
88 8
91 11
105 22
108 23
111 26
122 37
125 40
126 43
34 1
50 7
53 8
56 11
105 57
108 58
111 61
122 72
125 75
126 78
19 1
50 22
53 23
56 26
85 57
88 58
91 61
122 92
125 95
126 98
69 2
79 7
88 12
91 15
99 22
108 27
111 30
118 37
121 40
126 49
34 2
44 7
53 12
56 15
99 57
108 62
111 65
118 72
121 75
126 84
19 2
44 22
53 27
56 30
79 57
88 62
91 65
118 92
121 95
126 104
19 7
34 22
53 37
56 40
69 57
88 72
91 75
108 92
111 95
126 114
69 3
79 8
85 12
91 18
99 23
105 27
111 33
115 37
121 43
125 49
34 3
44 8
50 12
56 18
99 58
105 62
111 68
115 72
121 78
125 84
19 3
44 23
50 27
56 33
79 58
85 62
91 68
115 92
121 98
125 104
19 8
34 23
50 37
56 43
69 58
85 72
91 78
105 92
111 98
125 114
19 12
34 27
44 37
56 49
69 62
79 72
91 84
99 92
111 104
121 114
97 1
103 2
108 4
110 6
113 7
118 9
120 11
122 13
124 15
126 20
77 1
83 2
88 4
90 6
113 22
118 24
120 26
122 28
124 30
126 35
42 1
48 2
53 4
55 6
113 57
118 59
120 61
122 63
124 65
126 70
67 1
83 7
88 9
90 11
103 22
108 24
110 26
122 38
124 40
126 45
32 1
48 7
53 9
55 11
103 57
108 59
110 61
122 73
124 75
126 80
17 1
48 22
53 24
55 26
83 57
88 59
90 61
122 93
124 95
126 100
67 2
77 7
88 13
90 15
97 22
108 28
110 30
118 38
120 40
126 51
32 2
42 7
53 13
55 15
97 57
108 63
110 65
118 73
120 75
126 86
17 2
42 22
53 28
55 30
77 57
88 63
90 65
118 93
120 95
126 106
17 7
32 22
53 38
55 40
67 57
88 73
90 75
108 93
110 95
126 116
94 1
103 3
105 4
107 6
113 8
115 9
117 11
122 16
124 18
125 20
74 1
83 3
85 4
87 6
113 23
115 24
117 26
122 31
124 33
125 35
39 1
48 3
50 4
52 6
113 58
115 59
117 61
122 66
124 68
125 70
64 1
83 8
85 9
87 11
103 23
105 24
107 26
122 41
124 43
125 45
29 1
48 8
50 9
52 11
103 58
105 59
107 61
122 76
124 78
125 80
14 1
48 23
50 24
52 26
83 58
85 59
87 61
122 96
124 98
125 100
94 2
97 3
99 4
101 6
113 12
115 13
117 15
118 16
120 18
121 20
74 2
77 3
79 4
81 6
113 27
115 28
117 30
118 31
120 33
121 35
39 2
42 3
44 4
46 6
113 62
115 63
117 65
118 66
120 68
121 70
94 7
97 8
99 9
101 11
103 12
105 13
107 15
108 16
110 18
111 20
60 1
64 2
67 3
69 4
71 6
74 7
77 8
79 9
81 11
83 12
85 13
87 15
88 16
90 18
91 20
94 22
97 23
99 24
101 26
103 27
105 28
107 30
108 31
110 33
111 35
113 37
115 38
117 40
118 41
120 43
121 45
122 47
124 49
125 51
126 54
25 1
29 2
32 3
34 4
36 6
39 7
42 8
44 9
46 11
48 12
50 13
52 15
53 16
55 18
56 20
94 57
97 58
99 59
101 61
103 62
105 63
107 65
108 66
110 68
111 70
113 72
115 73
117 75
118 76
120 78
121 80
122 82
124 84
125 86
126 89
74 22
77 23
79 24
81 26
83 27
85 28
87 30
88 31
90 33
91 35
10 1
14 2
17 3
19 4
21 6
39 22
42 23
44 24
46 26
48 27
50 28
52 30
53 31
55 33
56 35
74 57
77 58
79 59
81 61
83 62
85 63
87 65
88 66
90 68
91 70
113 92
115 93
117 95
118 96
120 98
121 100
122 102
124 104
125 106
126 109
39 57
42 58
44 59
46 61
48 62
50 63
52 65
53 66
55 68
56 70
64 7
67 8
69 9
71 11
103 37
105 38
107 40
108 41
110 43
111 45
29 7
32 8
34 9
36 11
103 72
105 73
107 75
108 76
110 78
111 80
64 22
67 23
69 24
71 26
83 37
85 38
87 40
88 41
90 43
91 45
5 1
14 7
17 8
19 9
21 11
29 22
32 23
34 24
36 26
48 37
50 38
52 40
53 41
55 43
56 45
64 57
67 58
69 59
71 61
83 72
85 73
87 75
88 76
90 78
91 80
103 92
105 93
107 95
108 96
110 98
111 100
122 112
124 114
125 116
126 119
29 57
32 58
34 59
36 61
48 72
50 73
52 75
53 76
55 78
56 80
14 22
17 23
19 24
21 26
83 92
85 93
87 95
88 96
90 98
91 100
14 57
17 58
19 59
21 61
48 92
50 93
52 95
53 96
55 98
56 100
60 2
77 12
79 13
81 15
97 27
99 28
101 30
118 47
120 49
121 51
25 2
42 12
44 13
46 15
97 62
99 63
101 65
118 82
120 84
121 86
10 2
42 27
44 28
46 30
77 62
79 63
81 65
118 102
120 104
121 106
60 7
67 12
69 13
71 15
97 37
99 38
101 40
108 47
110 49
111 51
25 7
32 12
34 13
36 15
97 72
99 73
101 75
108 82
110 84
111 86
60 22
67 27
69 28
71 30
77 37
79 38
81 40
88 47
90 49
91 51
5 2
10 7
17 12
19 13
21 15
25 22
32 27
34 28
36 30
42 37
44 38
46 40
53 47
55 49
56 51
60 57
67 62
69 63
71 65
77 72
79 73
81 75
88 82
90 84
91 86
97 92
99 93
101 95
108 102
110 104
111 106
118 112
120 114
121 116
126 123
25 57
32 62
34 63
36 65
42 72
44 73
46 75
53 82
55 84
56 86
10 22
17 27
19 28
21 30
77 92
79 93
81 95
88 102
90 104
91 106
10 57
17 62
19 63
21 65
42 92
44 93
46 95
53 102
55 104
56 106
5 7
32 37
34 38
36 40
67 72
69 73
71 75
108 112
110 114
111 116
5 22
17 37
19 38
21 40
67 92
69 93
71 95
88 112
90 114
91 116
5 57
17 72
19 73
21 75
32 92
34 93
36 95
53 112
55 114
56 116
64 3
74 8
85 16
87 18
94 23
105 31
107 33
115 41
117 43
125 54
29 3
39 8
50 16
52 18
94 58
105 66
107 68
115 76
117 78
125 89
14 3
39 23
50 31
52 33
74 58
85 66
87 68
115 96
117 98
125 109
14 8
29 23
50 41
52 43
64 58
85 76
87 78
105 96
107 98
125 119
60 3
74 12
79 16
81 18
94 27
99 31
101 33
115 47
117 49
121 54
25 3
39 12
44 16
46 18
94 62
99 66
101 68
115 82
117 84
121 89
10 3
39 27
44 31
46 33
74 62
79 66
81 68
115 102
117 104
121 109
60 8
64 12
69 16
71 18
94 37
99 41
101 43
105 47
107 49
111 54
25 8
29 12
34 16
36 18
94 72
99 76
101 78
105 82
107 84
111 89
60 23
64 27
69 31
71 33
74 37
79 41
81 43
85 47
87 49
91 54
5 3
10 8
14 12
19 16
21 18
25 23
29 27
34 31
36 33
39 37
44 41
46 43
50 47
52 49
56 54
60 58
64 62
69 66
71 68
74 72
79 76
81 78
85 82
87 84
91 89
94 92
99 96
101 98
105 102
107 104
111 109
115 112
117 114
121 119
125 123
25 58
29 62
34 66
36 68
39 72
44 76
46 78
50 82
52 84
56 89
10 23
14 27
19 31
21 33
74 92
79 96
81 98
85 102
87 104
91 109
10 58
14 62
19 66
21 68
39 92
44 96
46 98
50 102
52 104
56 109
5 8
29 37
34 41
36 43
64 72
69 76
71 78
105 112
107 114
111 119
5 23
14 37
19 41
21 43
64 92
69 96
71 98
85 112
87 114
91 119
5 58
14 72
19 76
21 78
29 92
34 96
36 98
50 112
52 114
56 119
10 12
25 27
44 47
46 49
60 62
79 82
81 84
99 102
101 104
121 123
5 12
25 37
34 47
36 49
60 72
69 82
71 84
99 112
101 114
111 123
5 27
10 37
19 47
21 49
60 92
69 102
71 104
79 112
81 114
91 123
5 62
10 72
19 82
21 84
25 92
34 102
36 104
44 112
46 114
56 123
67 4
77 9
83 13
90 20
97 24
103 28
110 35
113 38
120 45
124 51
32 4
42 9
48 13
55 20
97 59
103 63
110 70
113 73
120 80
124 86
17 4
42 24
48 28
55 35
77 59
83 63
90 70
113 93
120 100
124 106
17 9
32 24
48 38
55 45
67 59
83 73
90 80
103 93
110 100
124 116
17 13
32 28
42 38
55 51
67 63
77 73
90 86
97 93
110 106
120 116
64 4
74 9
83 16
87 20
94 24
103 31
107 35
113 41
117 45
124 54
29 4
39 9
48 16
52 20
94 59
103 66
107 70
113 76
117 80
124 89
14 4
39 24
48 31
52 35
74 59
83 66
87 70
113 96
117 100
124 109
14 9
29 24
48 41
52 45
64 59
83 76
87 80
103 96
107 100
124 119
60 4
74 13
77 16
81 20
94 28
97 31
101 35
113 47
117 51
120 54
25 4
39 13
42 16
46 20
94 63
97 66
101 70
113 82
117 86
120 89
10 4
39 28
42 31
46 35
74 63
77 66
81 70
113 102
117 106
120 109
60 9
64 13
67 16
71 20
94 38
97 41
101 45
103 47
107 51
110 54
25 9
29 13
32 16
36 20
94 73
97 76
101 80
103 82
107 86
110 89
60 24
64 28
67 31
71 35
74 38
77 41
81 45
83 47
87 51
90 54
5 4
10 9
14 13
17 16
21 20
25 24
29 28
32 31
36 35
39 38
42 41
46 45
48 47
52 51
55 54
60 59
64 63
67 66
71 70
74 73
77 76
81 80
83 82
87 86
90 89
94 93
97 96
101 100
103 102
107 106
110 109
113 112
117 116
120 119
124 123
25 59
29 63
32 66
36 70
39 73
42 76
46 80
48 82
52 86
55 89
10 24
14 28
17 31
21 35
74 93
77 96
81 100
83 102
87 106
90 109
10 59
14 63
17 66
21 70
39 93
42 96
46 100
48 102
52 106
55 109
5 9
29 38
32 41
36 45
64 73
67 76
71 80
103 112
107 116
110 119
5 24
14 38
17 41
21 45
64 93
67 96
71 100
83 112
87 116
90 119
5 59
14 73
17 76
21 80
29 93
32 96
36 100
48 112
52 116
55 119
10 13
25 28
42 47
46 51
60 63
77 82
81 86
97 102
101 106
120 123
5 13
25 38
32 47
36 51
60 73
67 82
71 86
97 112
101 116
110 123
5 28
10 38
17 47
21 51
60 93
67 102
71 106
77 112
81 116
90 123
5 63
10 73
17 82
21 86
25 93
32 102
36 106
42 112
46 116
55 123
14 16
29 31
39 41
52 54
64 66
74 76
87 89
94 96
107 109
117 119
10 16
25 31
39 47
46 54
60 66
74 82
81 89
94 102
101 109
117 123
5 16
25 41
29 47
36 54
60 76
64 82
71 89
94 112
101 119
107 123
5 31
10 41
14 47
21 54
60 96
64 102
71 109
74 112
81 119
87 123
5 66
10 76
14 82
21 89
25 96
29 102
36 109
39 112
46 119
52 123
96 1
102 2
108 5
109 6
112 7
118 10
119 11
122 14
123 15
126 21
76 1
82 2
88 5
89 6
112 22
118 25
119 26
122 29
123 30
126 36
41 1
47 2
53 5
54 6
112 57
118 60
119 61
122 64
123 65
126 71
66 1
82 7
88 10
89 11
102 22
108 25
109 26
122 39
123 40
126 46
31 1
47 7
53 10
54 11
102 57
108 60
109 61
122 74
123 75
126 81
16 1
47 22
53 25
54 26
82 57
88 60
89 61
122 94
123 95
126 101
66 2
76 7
88 14
89 15
96 22
108 29
109 30
118 39
119 40
126 52
31 2
41 7
53 14
54 15
96 57
108 64
109 65
118 74
119 75
126 87
16 2
41 22
53 29
54 30
76 57
88 64
89 65
118 94
119 95
126 107
16 7
31 22
53 39
54 40
66 57
88 74
89 75
108 94
109 95
126 117
93 1
102 3
105 5
106 6
112 8
115 10
116 11
122 17
123 18
125 21
73 1
82 3
85 5
86 6
112 23
115 25
116 26
122 32
123 33
125 36
38 1
47 3
50 5
51 6
112 58
115 60
116 61
122 67
123 68
125 71
63 1
82 8
85 10
86 11
102 23
105 25
106 26
122 42
123 43
125 46
28 1
47 8
50 10
51 11
102 58
105 60
106 61
122 77
123 78
125 81
13 1
47 23
50 25
51 26
82 58
85 60
86 61
122 97
123 98
125 101
93 2
96 3
99 5
100 6
112 12
115 14
116 15
118 17
119 18
121 21
73 2
76 3
79 5
80 6
112 27
115 29
116 30
118 32
119 33
121 36
38 2
41 3
44 5
45 6
112 62
115 64
116 65
118 67
119 68
121 71
93 7
96 8
99 10
100 11
102 12
105 14
106 15
108 17
109 18
111 21
59 1
63 2
66 3
69 5
70 6
73 7
76 8
79 10
80 11
82 12
85 14
86 15
88 17
89 18
91 21
93 22
96 23
99 25
100 26
102 27
105 29
106 30
108 32
109 33
111 36
112 37
115 39
116 40
118 42
119 43
121 46
122 48
123 49
125 52
126 55
24 1
28 2
31 3
34 5
35 6
38 7
41 8
44 10
45 11
47 12
50 14
51 15
53 17
54 18
56 21
93 57
96 58
99 60
100 61
102 62
105 64
106 65
108 67
109 68
111 71
112 72
115 74
116 75
118 77
119 78
121 81
122 83
123 84
125 87
126 90
73 22
76 23
79 25
80 26
82 27
85 29
86 30
88 32
89 33
91 36
9 1
13 2
16 3
19 5
20 6
38 22
41 23
44 25
45 26
47 27
50 29
51 30
53 32
54 33
56 36
73 57
76 58
79 60
80 61
82 62
85 64
86 65
88 67
89 68
91 71
112 92
115 94
116 95
118 97
119 98
121 101
122 103
123 104
125 107
126 110
38 57
41 58
44 60
45 61
47 62
50 64
51 65
53 67
54 68
56 71
63 7
66 8
69 10
70 11
102 37
105 39
106 40
108 42
109 43
111 46
28 7
31 8
34 10
35 11
102 72
105 74
106 75
108 77
109 78
111 81
63 22
66 23
69 25
70 26
82 37
85 39
86 40
88 42
89 43
91 46
4 1
13 7
16 8
19 10
20 11
28 22
31 23
34 25
35 26
47 37
50 39
51 40
53 42
54 43
56 46
63 57
66 58
69 60
70 61
82 72
85 74
86 75
88 77
89 78
91 81
102 92
105 94
106 95
108 97
109 98
111 101
122 113
123 114
125 117
126 120
28 57
31 58
34 60
35 61
47 72
50 74
51 75
53 77
54 78
56 81
13 22
16 23
19 25
20 26
82 92
85 94
86 95
88 97
89 98
91 101
13 57
16 58
19 60
20 61
47 92
50 94
51 95
53 97
54 98
56 101
59 2
76 12
79 14
80 15
96 27
99 29
100 30
118 48
119 49
121 52
24 2
41 12
44 14
45 15
96 62
99 64
100 65
118 83
119 84
121 87
9 2
41 27
44 29
45 30
76 62
79 64
80 65
118 103
119 104
121 107
59 7
66 12
69 14
70 15
96 37
99 39
100 40
108 48
109 49
111 52
24 7
31 12
34 14
35 15
96 72
99 74
100 75
108 83
109 84
111 87
59 22
66 27
69 29
70 30
76 37
79 39
80 40
88 48
89 49
91 52
4 2
9 7
16 12
19 14
20 15
24 22
31 27
34 29
35 30
41 37
44 39
45 40
53 48
54 49
56 52
59 57
66 62
69 64
70 65
76 72
79 74
80 75
88 83
89 84
91 87
96 92
99 94
100 95
108 103
109 104
111 107
118 113
119 114
121 117
126 124
24 57
31 62
34 64
35 65
41 72
44 74
45 75
53 83
54 84
56 87
9 22
16 27
19 29
20 30
76 92
79 94
80 95
88 103
89 104
91 107
9 57
16 62
19 64
20 65
41 92
44 94
45 95
53 103
54 104
56 107
4 7
31 37
34 39
35 40
66 72
69 74
70 75
108 113
109 114
111 117
4 22
16 37
19 39
20 40
66 92
69 94
70 95
88 113
89 114
91 117
4 57
16 72
19 74
20 75
31 92
34 94
35 95
53 113
54 114
56 117
63 3
73 8
85 17
86 18
93 23
105 32
106 33
115 42
116 43
125 55
28 3
38 8
50 17
51 18
93 58
105 67
106 68
115 77
116 78
125 90
13 3
38 23
50 32
51 33
73 58
85 67
86 68
115 97
116 98
125 110
13 8
28 23
50 42
51 43
63 58
85 77
86 78
105 97
106 98
125 120
59 3
73 12
79 17
80 18
93 27
99 32
100 33
115 48
116 49
121 55
24 3
38 12
44 17
45 18
93 62
99 67
100 68
115 83
116 84
121 90
9 3
38 27
44 32
45 33
73 62
79 67
80 68
115 103
116 104
121 110
59 8
63 12
69 17
70 18
93 37
99 42
100 43
105 48
106 49
111 55
24 8
28 12
34 17
35 18
93 72
99 77
100 78
105 83
106 84
111 90
59 23
63 27
69 32
70 33
73 37
79 42
80 43
85 48
86 49
91 55
4 3
9 8
13 12
19 17
20 18
24 23
28 27
34 32
35 33
38 37
44 42
45 43
50 48
51 49
56 55
59 58
63 62
69 67
70 68
73 72
79 77
80 78
85 83
86 84
91 90
93 92
99 97
100 98
105 103
106 104
111 110
115 113
116 114
121 120
125 124
24 58
28 62
34 67
35 68
38 72
44 77
45 78
50 83
51 84
56 90
9 23
13 27
19 32
20 33
73 92
79 97
80 98
85 103
86 104
91 110
9 58
13 62
19 67
20 68
38 92
44 97
45 98
50 103
51 104
56 110
4 8
28 37
34 42
35 43
63 72
69 77
70 78
105 113
106 114
111 120
4 23
13 37
19 42
20 43
63 92
69 97
70 98
85 113
86 114
91 120
4 58
13 72
19 77
20 78
28 92
34 97
35 98
50 113
51 114
56 120
9 12
24 27
44 48
45 49
59 62
79 83
80 84
99 103
100 104
121 124
4 12
24 37
34 48
35 49
59 72
69 83
70 84
99 113
100 114
111 124
4 27
9 37
19 48
20 49
59 92
69 103
70 104
79 113
80 114
91 124
4 62
9 72
19 83
20 84
24 92
34 103
35 104
44 113
45 114
56 124
92 1
102 4
103 5
104 6
112 9
113 10
114 11
122 19
123 20
124 21
72 1
82 4
83 5
84 6
112 24
113 25
114 26
122 34
123 35
124 36
37 1
47 4
48 5
49 6
112 59
113 60
114 61
122 69
123 70
124 71
62 1
82 9
83 10
84 11
102 24
103 25
104 26
122 44
123 45
124 46
27 1
47 9
48 10
49 11
102 59
103 60
104 61
122 79
123 80
124 81
12 1
47 24
48 25
49 26
82 59
83 60
84 61
122 99
123 100
124 101
92 2
96 4
97 5
98 6
112 13
113 14
114 15
118 19
119 20
120 21
72 2
76 4
77 5
78 6
112 28
113 29
114 30
118 34
119 35
120 36
37 2
41 4
42 5
43 6
112 63
113 64
114 65
118 69
119 70
120 71
92 7
96 9
97 10
98 11
102 13
103 14
104 15
108 19
109 20
110 21
58 1
62 2
66 4
67 5
68 6
72 7
76 9
77 10
78 11
82 13
83 14
84 15
88 19
89 20
90 21
92 22
96 24
97 25
98 26
102 28
103 29
104 30
108 34
109 35
110 36
112 38
113 39
114 40
118 44
119 45
120 46
122 50
123 51
124 52
126 56
23 1
27 2
31 4
32 5
33 6
37 7
41 9
42 10
43 11
47 13
48 14
49 15
53 19
54 20
55 21
92 57
96 59
97 60
98 61
102 63
103 64
104 65
108 69
109 70
110 71
112 73
113 74
114 75
118 79
119 80
120 81
122 85
123 86
124 87
126 91
72 22
76 24
77 25
78 26
82 28
83 29
84 30
88 34
89 35
90 36
8 1
12 2
16 4
17 5
18 6
37 22
41 24
42 25
43 26
47 28
48 29
49 30
53 34
54 35
55 36
72 57
76 59
77 60
78 61
82 63
83 64
84 65
88 69
89 70
90 71
112 93
113 94
114 95
118 99
119 100
120 101
122 105
123 106
124 107
126 111
37 57
41 59
42 60
43 61
47 63
48 64
49 65
53 69
54 70
55 71
62 7
66 9
67 10
68 11
102 38
103 39
104 40
108 44
109 45
110 46
27 7
31 9
32 10
33 11
102 73
103 74
104 75
108 79
109 80
110 81
62 22
66 24
67 25
68 26
82 38
83 39
84 40
88 44
89 45
90 46
3 1
12 7
16 9
17 10
18 11
27 22
31 24
32 25
33 26
47 38
48 39
49 40
53 44
54 45
55 46
62 57
66 59
67 60
68 61
82 73
83 74
84 75
88 79
89 80
90 81
102 93
103 94
104 95
108 99
109 100
110 101
122 115
123 116
124 117
126 121
27 57
31 59
32 60
33 61
47 73
48 74
49 75
53 79
54 80
55 81
12 22
16 24
17 25
18 26
82 93
83 94
84 95
88 99
89 100
90 101
12 57
16 59
17 60
18 61
47 93
48 94
49 95
53 99
54 100
55 101
58 2
76 13
77 14
78 15
96 28
97 29
98 30
118 50
119 51
120 52
23 2
41 13
42 14
43 15
96 63
97 64
98 65
118 85
119 86
120 87
8 2
41 28
42 29
43 30
76 63
77 64
78 65
118 105
119 106
120 107
58 7
66 13
67 14
68 15
96 38
97 39
98 40
108 50
109 51
110 52
23 7
31 13
32 14
33 15
96 73
97 74
98 75
108 85
109 86
110 87
58 22
66 28
67 29
68 30
76 38
77 39
78 40
88 50
89 51
90 52
3 2
8 7
16 13
17 14
18 15
23 22
31 28
32 29
33 30
41 38
42 39
43 40
53 50
54 51
55 52
58 57
66 63
67 64
68 65
76 73
77 74
78 75
88 85
89 86
90 87
96 93
97 94
98 95
108 105
109 106
110 107
118 115
119 116
120 117
126 125
23 57
31 63
32 64
33 65
41 73
42 74
43 75
53 85
54 86
55 87
8 22
16 28
17 29
18 30
76 93
77 94
78 95
88 105
89 106
90 107
8 57
16 63
17 64
18 65
41 93
42 94
43 95
53 105
54 106
55 107
3 7
31 38
32 39
33 40
66 73
67 74
68 75
108 115
109 116
110 117
3 22
16 38
17 39
18 40
66 93
67 94
68 95
88 115
89 116
90 117
3 57
16 73
17 74
18 75
31 93
32 94
33 95
53 115
54 116
55 117
92 3
93 4
94 5
95 6
112 16
113 17
114 18
115 19
116 20
117 21
72 3
73 4
74 5
75 6
112 31
113 32
114 33
115 34
116 35
117 36
37 3
38 4
39 5
40 6
112 66
113 67
114 68
115 69
116 70
117 71
92 8
93 9
94 10
95 11
102 16
103 17
104 18
105 19
106 20
107 21
57 1
62 3
63 4
64 5
65 6
72 8
73 9
74 10
75 11
82 16
83 17
84 18
85 19
86 20
87 21
92 23
93 24
94 25
95 26
102 31
103 32
104 33
105 34
106 35
107 36
112 41
113 42
114 43
115 44
116 45
117 46
122 53
123 54
124 55
125 56
22 1
27 3
28 4
29 5
30 6
37 8
38 9
39 10
40 11
47 16
48 17
49 18
50 19
51 20
52 21
92 58
93 59
94 60
95 61
102 66
103 67
104 68
105 69
106 70
107 71
112 76
113 77
114 78
115 79
116 80
117 81
122 88
123 89
124 90
125 91
72 23
73 24
74 25
75 26
82 31
83 32
84 33
85 34
86 35
87 36
7 1
12 3
13 4
14 5
15 6
37 23
38 24
39 25
40 26
47 31
48 32
49 33
50 34
51 35
52 36
72 58
73 59
74 60
75 61
82 66
83 67
84 68
85 69
86 70
87 71
112 96
113 97
114 98
115 99
116 100
117 101
122 108
123 109
124 110
125 111
37 58
38 59
39 60
40 61
47 66
48 67
49 68
50 69
51 70
52 71
62 8
63 9
64 10
65 11
102 41
103 42
104 43
105 44
106 45
107 46
27 8
28 9
29 10
30 11
102 76
103 77
104 78
105 79
106 80
107 81
62 23
63 24
64 25
65 26
82 41
83 42
84 43
85 44
86 45
87 46
2 1
12 8
13 9
14 10
15 11
27 23
28 24
29 25
30 26
47 41
48 42
49 43
50 44
51 45
52 46
62 58
63 59
64 60
65 61
82 76
83 77
84 78
85 79
86 80
87 81
102 96
103 97
104 98
105 99
106 100
107 101
122 118
123 119
124 120
125 121
27 58
28 59
29 60
30 61
47 76
48 77
49 78
50 79
51 80
52 81
12 23
13 24
14 25
15 26
82 96
83 97
84 98
85 99
86 100
87 101
12 58
13 59
14 60
15 61
47 96
48 97
49 98
50 99
51 100
52 101
92 12
93 13
94 14
95 15
96 16
97 17
98 18
99 19
100 20
101 21
57 2
58 3
59 4
60 5
61 6
72 12
73 13
74 14
75 15
76 16
77 17
78 18
79 19
80 20
81 21
92 27
93 28
94 29
95 30
96 31
97 32
98 33
99 34
100 35
101 36
112 47
113 48
114 49
115 50
116 51
117 52
118 53
119 54
120 55
121 56
22 2
23 3
24 4
25 5
26 6
37 12
38 13
39 14
40 15
41 16
42 17
43 18
44 19
45 20
46 21
92 62
93 63
94 64
95 65
96 66
97 67
98 68
99 69
100 70
101 71
112 82
113 83
114 84
115 85
116 86
117 87
118 88
119 89
120 90
121 91
72 27
73 28
74 29
75 30
76 31
77 32
78 33
79 34
80 35
81 36
7 2
8 3
9 4
10 5
11 6
37 27
38 28
39 29
40 30
41 31
42 32
43 33
44 34
45 35
46 36
72 62
73 63
74 64
75 65
76 66
77 67
78 68
79 69
80 70
81 71
112 102
113 103
114 104
115 105
116 106
117 107
118 108
119 109
120 110
121 111
37 62
38 63
39 64
40 65
41 66
42 67
43 68
44 69
45 70
46 71
57 7
58 8
59 9
60 10
61 11
62 12
63 13
64 14
65 15
66 16
67 17
68 18
69 19
70 20
71 21
92 37
93 38
94 39
95 40
96 41
97 42
98 43
99 44
100 45
101 46
102 47
103 48
104 49
105 50
106 51
107 52
108 53
109 54
110 55
111 56
22 7
23 8
24 9
25 10
26 11
27 12
28 13
29 14
30 15
31 16
32 17
33 18
34 19
35 20
36 21
92 72
93 73
94 74
95 75
96 76
97 77
98 78
99 79
100 80
101 81
102 82
103 83
104 84
105 85
106 86
107 87
108 88
109 89
110 90
111 91
57 22
58 23
59 24
60 25
61 26
62 27
63 28
64 29
65 30
66 31
67 32
68 33
69 34
70 35
71 36
72 37
73 38
74 39
75 40
76 41
77 42
78 43
79 44
80 45
81 46
82 47
83 48
84 49
85 50
86 51
87 52
88 53
89 54
90 55
91 56
